TIME MEM VIRT RES SHR CPU FREE SWAP
0:00.15 0,2 12408 5504 3200 93,3 1112,7 3259,2
1108,3 3259,2
0:01.67 1,1 39072 32128 3200 100,0 1060,8 3259,2
1058,1 3259,2
0:03.25 2,0 65340 58368 3200 100,0 1007,1 3259,2
1004,7 3259,2
0:04.75 2,6 84348 77312 3200 93,3 980,3 3259,2
977,8 3259,2
0:06.23 3,4 105336 98432 3200 100,0 938,2 3259,2
934,0 3259,2
0:07.79 4,3 132396 125568 3200 100,0 885,8 3259,2
877,2 3259,2
0:09.32 5,3 163416 156544 3200 100,0 819,6 3259,2
813,9 3259,2
0:10.85 6,2 187968 180992 3200 93,8 772,1 3259,2
763,7 3259,2
0:12.41 7,3 221760 214784 3200 100,0 703,2 3259,2
696,8 3259,2
0:13.98 8,5 256080 249088 3200 94,7 634,5 3259,2
627,2 3259,2
0:15.50 9,5 286440 279424 3200 100,0 578,4 3259,2
573,3 3259,2
0:17.05 10,5 315744 308736 3200 100,0 519,4 3259,2
512,2 3259,2
0:18.59 11,7 348480 341376 3200 100,0 453,4 3259,2
448,5 3259,2
0:20.14 12,6 376200 369024 3200 100,0 399,3 3259,2
394,6 3259,2
0:21.69 13,6 405504 398336 3200 100,0 338,5 3259,2
333,8 3259,2
0:23.21 14,7 437976 430848 3200 100,0 272,5 3259,2
268,6 3259,2
0:24.75 15,9 472164 465024 3200 100,0 206,1 3259,2
201,7 3259,2
0:26.26 17,0 506088 498944 3200 100,0 138,4 3259,2
130,1 3259,2
0:27.80 18,2 540672 533632 3200 100,0 70,0 3258,5
132,4 3258,5
0:29.34 19,1 566148 559104 3200 100,0 89,7 3258,5
82,6 3258,5
0:30.89 20,2 598356 591360 3200 93,8 99,7 3237,4
145,9 3237,4
0:32.40 21,2 628584 621696 3200 100,0 86,3 3237,4
80,6 3237,4
0:33.92 22,4 662244 655232 3200 93,3 86,9 3226,0
81,0 3226,0
0:35.42 23,4 693660 686720 3200 100,0 92,9 3216,5
85,0 3216,5
0:36.93 24,5 723096 716160 3200 100,0 99,7 3180,3
89,8 3180,3
0:38.50 25,5 752664 745728 3200 100,0 106,8 3138,0
97,7 3138,0
0:40.03 26,6 786192 779136 3200 93,8 108,7 3132,2
99,1 3132,2
0:41.57 27,7 818796 811776 3200 93,8 110,9 3122,7
101,8 3122,7
0:43.10 28,9 852060 845056 3200 100,0 110,0 3106,8
99,4 3106,8
0:44.64 30,0 885588 878592 3200 100,0 103,2 3094,0
93,6 3094,0
0:46.19 31,1 917400 910336 3200 100,0 113,4 3080,4
104,6 3080,4
0:47.74 32,2 951324 944256 3200 100,0 113,8 3064,1
105,7 3064,1
0:49.23 33,3 983268 976256 3200 100,0 115,3 3043,2
107,4 3043,2
0:50.73 34,4 1014816 984,1m 3200 80,0 116,6 3008,3
120,0 3008,3
0:52.24 35,4 1045044 1,0g 3200 100,0 86,7 2979,4
102,0 2970,8
0:53.80 36,1 1064184 1,0g 3200 100,0 92,6 2970,8
83,7 2970,8
0:55.30 36,9 1087812 1,0g 3200 93,3 84,1 2952,7
78,7 2952,7
0:56.87 37,8 1114212 1,1g 3200 100,0 98,9 2893,9
96,5 2893,9
0:58.39 38,8 1143912 1,1g 3200 93,8 82,2 2868,2
80,2 2868,2
0:59.92 39,7 1170444 1,1g 3200 100,0 68,6 2828,7
66,9 2828,7
116,7 2772,6
1:01.47 40,2 1195392 1,1g 3072 100,0 116,7 2772,6
72,5 2758,3
1:03.05 41,0 1224036 1,1g 3072 93,8 73,7 2756,6
94,8 2706,3
1:04.60 40,4 1239348 1,1g 3072 100,0 93,5 2706,3
103,6 2657,7
1:06.15 40,5 1261920 1,1g 3072 100,0 105,9 2651,7
66,4 2639,6
1:07.73 41,1 1288848 1,1g 3072 100,0 74,8 2630,6
109,8 2579,8
1:09.27 40,4 1303764 1,1g 3072 100,0 97,9 2579,8
87,6 2543,1
1:10.78 40,8 1328580 1,1g 3072 100,0 91,9 2534,0
77,4 2514,4
1:12.32 41,0 1352472 1,1g 3072 100,0 67,9 2508,4
103,1 2450,8
1:13.85 40,6 1368312 1,1g 3072 100,0 106,3 2450,3
74,8 2425,6
1:15.41 41,1 1394976 1,1g 3072 100,0 77,5 2419,6
80,7 2384,1
1:16.95 40,8 1413720 1,1g 3072 93,3 74,0 2384,1
107,3 2320,3
1:18.45 40,5 1432464 1,1g 3072 93,3 108,5 2318,2
72,2 2298,9
1:19.96 41,1 1459656 1,1g 3072 100,0 73,7 2295,1
91,7 2251,9
1:21.50 40,6 1474704 1,1g 3072 100,0 87,7 2251,9
87,0 2216,9
1:23.00 41,6 1504272 1,2g 3072 100,0 84,8 2216,9
98,1 2153,6
1:24.52 42,2 1531068 1,2g 3072 100,0 99,4 2152,0
80,6 2130,9
1:26.05 42,4 1554168 1,2g 3072 93,8 78,9 2130,9
97,5 2075,8
1:27.58 42,2 1572252 1,2g 3072 100,0 100,4 2075,1
1:29.01 42,7 1596012 1,2g 3072 100,0 70,0 2050,7
69,5 2050,4
1:30.55 42,0 1611588 1,2g 3072 100,0 93,6 1999,9
93,4 1999,9
1:32.09 42,3 1636404 1,2g 3072 100,0 93,7 1945,3
95,2 1943,8
1:33.62 42,6 1662936 1,2g 3072 100,0 71,7 1915,9
74,1 1914,7
1:35.16 42,1 1679040 1,2g 3072 100,0 96,3 1868,1
92,8 1868,1
1:36.67 42,5 1703196 1,2g 3072 100,0 91,9 1819,1
95,9 1815,1
1:38.15 42,7 1726296 1,2g 3072 100,0 68,7 1797,5
68,7 1791,7
1:39.66 42,2 1743588 1,2g 3072 100,0 105,0 1736,4
99,1 1736,4
1:41.21 42,6 1768800 1,2g 3072 100,0 83,1 1699,4
87,3 1694,9
1:42.74 42,5 1789128 1,2g 3072 93,3 78,9 1670,0
73,8 1669,7
1:44.27 42,4 1808532 1,2g 3072 100,0 103,9 1604,6
107,1 1604,6
1:45.80 42,9 1835196 1,2g 3072 93,3 76,9 1581,2
80,1 1581,2
1:47.32 42,4 1858956 1,2g 3072 100,0 111,1 1500,0
106,7 1500,0
1:48.87 42,7 1887600 1,2g 3072 100,0 88,6 1465,9
83,9 1465,9
1:50.40 42,7 1914132 1,2g 3072 100,0 110,5 1396,4
107,8 1396,4
1:51.91 43,2 1942908 1,2g 3072 100,0 109,6 1332,4
115,6 1332,4
1:53.45 43,5 1970364 1,2g 3072 93,8 78,0 1308,5
82,5 1298,3
1:54.91 43,3 1996236 1,2g 3072 100,0 77,4 1268,4
73,0 1268,4
1:56.36 43,3 2024484 1,2g 3072 100,0 87,8 1206,6
84,6 1206,6
1:57.86 43,4 2049168 1,2g 3072 93,3 76,1 1171,5
74,4 1172,5
1:59.33 43,1 2072268 1,2g 3072 100,0 93,9 1109,0
91,7 1109,0
2:00.84 42,9 2099724 1,2g 3072 100,0 107,3 1043,5
104,6 1043,5
82,7 1014,8
2:02.41 43,4 2127708 1,2g 3072 93,3 82,5 1014,8
77,9 978,5
2:04.03 43,7 2146188 1,2g 3072 93,8 80,8 977,5
106,1 928,8
2:05.59 43,1 2160180 1,2g 3072 100,0 104,4 928,8
82,8 896,1
2:07.11 43,7 2186712 1,2g 3072 100,0 84,3 894,4
76,7 864,0
2:08.68 43,6 2208756 1,2g 3072 100,0 75,7 864,0
94,0 803,5
2:10.18 43,3 2227500 1,2g 3072 75,0 95,5 804,0
84,1 761,4
2:11.67 43,3 2249148 1,2g 3072 100,0 86,4 758,3
67,7 732,2
2:13.18 43,5 2272248 1,2g 3072 100,0 68,9 728,2
105,5 672,0
2:14.73 42,9 2288880 1,2g 3072 100,0 100,1 672,0
67,8 650,2
2:16.25 43,6 2316732 1,2g 3072 100,0 73,0 644,4
106,6 589,9
2:17.77 43,1 2332308 1,2g 3072 100,0 104,1 589,9
79,7 559,8
2:19.31 43,6 2358708 1,2g 3072 100,0 83,5 551,0
78,3 524,2
2:20.88 43,5 2381412 1,2g 3072 93,3 71,7 521,9
106,2 461,9
2:22.40 43,1 2398704 1,2g 3072 93,3 104,9 461,9
76,6 435,3
2:23.89 43,6 2424444 1,2g 3072 100,0 82,6 431,8
87,1 395,9
2:25.43 43,4 2442000 1,2g 3072 100,0 83,6 395,9
72,6 377,6
2:26.94 43,8 2455464 1,2g 3072 100,0 72,6 377,1
87,8 337,2
2:28.53 43,2 2466816 1,2g 3072 100,0 85,9 337,2
94,0 289,5
2:30.03 43,2 2485824 1,2g 3072 100,0 97,0 286,7
73,9 258,4
2:31.60 43,5 2510244 1,2g 3072 100,0 77,6 255,1
97,7 204,7
2:33.02 43,2 2529384 1,2g 3072 100,0 93,8 204,7
88,1 162,3
2:34.53 43,5 2553936 1,2g 3072 100,0 90,0 157,2
77,2 135,7
2:36.07 43,6 2574000 1,2g 3072 100,0 66,2 130,4
106,8 72,4
2:37.57 43,1 2589444 1,2g 3072 93,3 110,6 72,4
73,3 55,3
2:39.10 43,8 2615712 1,2g 3072 100,0 76,5 51,3
95,7 8,1
2:40.63 43,3 2630496 1,2g 3072 100,0 93,7 8,1
79,9 0,0
2:42.14 43,9 2653860 1,2g 3072 100,0 79,4 0,0
2:43.98 44,5 2674584 1,2g 512 40,0 57,1 0,1
57,2 0,0
2:52.70 44,4 2682240 1,2g 1280 75,0 1267,1 1347,5
1242,5 1357,5
2:54.29 45,2 2707452 1,3g 1280 100,0 1227,3 1357,5
1211,3 1357,5
2:55.82 46,0 2730684 1,3g 1280 100,0 1204,2 1357,5
1191,1 1357,5
2:57.40 46,7 2749692 1,3g 1664 100,0 1181,3 1361,7
1168,7 1365,0
2:58.97 47,3 2768304 1,3g 1664 100,0 1153,2 1365,0
1139,9 1365,0
3:00.50 48,3 2795892 1,3g 1664 100,0 1124,4 1365,0
1116,1 1365,0
3:02.02 49,1 2820312 1,4g 1664 100,0 1100,6 1365,0
1089,5 1365,0
3:03.53 49,9 2843148 1,4g 1664 100,0 1075,7 1366,5
1066,1 1366,5
3:05.06 50,6 2864664 1,4g 1664 100,0 1052,8 1366,5
1042,7 1368,2
3:06.55 51,2 2881560 1,4g 1664 80,0 1015,7 1383,0
1005,6 1383,0
3:08.16 52,0 2905452 1,5g 1664 100,0 988,8 1383,7
980,0 1383,7
3:09.75 52,9 2930664 1,5g 1664 100,0 962,8 1384,7
950,0 1384,7
3:11.38 53,5 2949144 1,5g 1664 100,0 935,7 1384,7
929,8 1385,5
3:12.90 54,2 2970924 1,5g 1664 100,0 912,8 1385,7
905,7 1385,7
3:14.45 55,0 2993496 1,5g 1664 100,0 890,2 1385,7
881,5 1385,7
3:15.99 56,0 3022668 1,6g 1664 100,0 859,6 1385,7
851,8 1385,7
3:17.51 57,0 3051312 1,6g 1664 100,0 829,1 1385,7
824,0 1385,7
3:19.07 57,9 3078768 1,6g 1664 100,0 810,1 1385,7
804,0 1416,1
2474,5 2727,7
2472,3 2727,7
2472,0 2727,7
2472,0 2727,7
2470,3 2727,7
2470,0 2727,7
2470,0 2727,7
2470,0 2727,7
2470,0 2727,7
2470,0 2727,7
2470,0 2727,7
2470,0 2727,7
2469,1 2727,7
2469,1 2727,7
2469,1 2727,7
2468,8 2727,7
2468,6 2727,7
2468,1 2727,7
2468,1 2727,7
2468,1 2727,7
2466,6 2727,7
2466,1 2727,7
2465,9 2727,7
2465,6 2727,7
2465,6 2727,7
2465,6 2727,7
2464,1 2727,7
2463,9 2727,7
2463,9 2727,7
2463,6 2727,7
2463,4 2727,7
2463,4 2727,7
2462,7 2727,7
2462,7 2727,7
2461,4 2727,7
2461,2 2727,7
2461,2 2727,7
2461,2 2727,7
2461,2 2727,7
2461,2 2727,7
2460,0 2727,7
2459,5 2727,7
2459,2 2727,7
2459,2 2727,7
2459,0 2727,7
2458,7 2727,7
2457,0 2727,7
2457,0 2727,7
2466,2 2727,7
2465,8 2727,7
2465,5 2727,7
2465,5 2727,7
2463,3 2727,7
2463,0 2727,7
2471,2 2727,7
2470,8 2727,7
2470,0 2727,7
2469,5 2727,7
2468,8 2727,7
2468,8 2727,7
2467,6 2727,7
2467,6 2727,7
2467,1 2727,7
2467,1 2727,7
2466,1 2727,7
2466,1 2727,7
2465,1 2727,7
2465,1 2727,7
2463,1 2727,7
2463,1 2727,7
2462,1 2727,7
2462,1 2727,7
2461,2 2727,7
2461,2 2727,7
2460,7 2727,7
2460,7 2727,7
2460,7 2727,7
2460,7 2727,7
2460,7 2727,7
2460,7 2727,7
2460,4 2727,7
2460,4 2727,7
2459,7 2727,7
2459,7 2727,7
2458,9 2727,7
2458,9 2727,7
2456,5 2727,7
2456,5 2727,7
2456,0 2728,0
2454,8 2728,2
2452,3 2728,2
2451,6 2728,2
2450,4 2728,2
2450,1 2728,2
2450,1 2728,2
2450,1 2728,2
2449,4 2728,2
2449,4 2728,2
2449,4 2728,2
2448,6 2728,2
2448,1 2728,2
2447,4 2728,2
2446,4 2728,2
2445,2 2728,2
2443,0 2728,2
2442,7 2728,2
2450,6 2728,2
2450,3 2728,2
2450,1 2728,2
2449,6 2728,2
2449,3 2728,2
2449,3 2728,2
2447,1 2728,2
2446,9 2728,2
2445,9 2728,2
2445,9 2728,2
2444,7 2728,2
2444,7 2728,2
2444,4 2728,2
2444,4 2728,2
2442,9 2728,2
2442,2 2728,2
2442,2 2728,2
2442,2 2728,2
2442,2 2728,2
2442,2 2728,2
2441,2 2728,2
2441,2 2728,2
2450,2 2728,5
2450,2 2728,5
2449,7 2728,5
2449,2 2728,5
2448,7 2728,5
2448,7 2728,5
2448,7 2728,5
2448,7 2728,5
2448,2 2728,5
2448,2 2728,5
2446,8 2728,5
2446,3 2728,5
2445,5 2728,5
2445,5 2728,5
2444,8 2728,5
2444,3 2728,5
2442,6 2728,7
2441,6 2728,7
2440,1 2728,7
2440,1 2728,7
2439,6 2728,7
2439,6 2728,7
2439,4 2728,7
2439,4 2728,7
2446,5 2728,7
2446,0 2728,7
2445,0 2729,2
2445,0 2729,2
2445,0 2729,2
2445,0 2729,2
2444,3 2729,2
2444,0 2729,2
2443,8 2729,2
2443,0 2729,2
2442,5 2729,2
2442,5 2729,2
2442,1 2729,2
2441,8 2729,2
2441,1 2729,2
2441,1 2729,2
2440,8 2729,2
2440,1 2729,2
2439,1 2729,2
2439,1 2729,2
2438,1 2729,2
2437,4 2729,2
2437,4 2729,2
2437,4 2729,2
2437,4 2729,2
2437,4 2729,2
2437,4 2729,2
2437,1 2729,2
2437,1 2729,2
2437,1 2729,2
2436,9 2729,2
2436,6 2729,2
2436,6 2729,2
2436,6 2729,2
2436,6 2729,2
2436,6 2729,2
2436,6 2729,2
2436,6 2729,2
2436,2 2729,2
2436,2 2729,2
2436,2 2729,2
2436,2 2729,2
2445,0 2729,2
2453,4 2729,2
2452,5 2729,2
2451,2 2729,2
2450,5 2729,2
2448,3 2729,2
2448,3 2729,2
2447,8 2729,2
2448,0 2729,2
2446,1 2729,2
2456,3 2729,2
2453,9 2729,2
2453,4 2729,2
2449,2 2729,2
2449,2 2729,2
2449,2 2729,2
2449,2 2729,2
2449,2 2729,2
2449,2 2729,2
2449,2 2729,2
2448,7 2729,2
2448,7 2729,2
2448,7 2729,2
2447,9 2729,2
2447,9 2729,2
2446,7 2729,5
2446,5 2729,5
2446,2 2729,5
2446,2 2729,5
2445,5 2729,5
2445,2 2729,5
2444,5 2729,5
2443,8 2729,5
2442,8 2729,5
2442,3 2729,5
2441,8 2729,5
2441,8 2729,5
2441,8 2729,5
2441,6 2729,5
2441,1 2729,5
2451,4 2729,5
2449,5 2729,5
2449,2 2729,5
2448,7 2729,5
2448,7 2729,5
2448,5 2729,5
2457,6 2729,5
2455,4 2729,5
2455,2 2729,5
2454,4 2729,5
2454,4 2729,5
2452,9 2729,5
2451,7 2729,5
2450,5 2729,5
2450,5 2729,5
2449,2 2729,5
2448,0 2729,5
2446,5 2729,5
2445,1 2729,5
2442,9 2729,5
2442,9 2729,5
2441,4 2729,5
2441,4 2729,5
2440,1 2729,5
2440,1 2729,5
2440,1 2729,5
2440,1 2729,5
2450,1 2729,5
2449,9 2729,5
2449,6 2729,5
2449,6 2729,5
2448,2 2729,5
2447,9 2729,5
2447,2 2729,5
2446,7 2729,5
2446,2 2729,5
2446,2 2729,5
2445,5 2729,5
2445,5 2729,5
2445,5 2729,5
2445,5 2729,5
2445,5 2729,5
2445,5 2729,5
2445,5 2729,5
2445,5 2729,5
2445,5 2729,5
2445,5 2729,5
2445,5 2729,5
2445,5 2729,5
2445,5 2729,5
2445,5 2729,5
2445,5 2729,5
2445,5 2729,5
2445,5 2729,5
2445,5 2729,5
2445,0 2729,5
2444,5 2729,5
2444,5 2729,5
2444,2 2729,5
2444,2 2729,5
2443,2 2729,5
2442,0 2729,5
2451,0 2729,5
2448,8 2729,5
2447,3 2729,5
2446,1 2729,5
2445,8 2729,5
2445,6 2729,5
2444,4 2729,5
2442,9 2729,5
2442,6 2729,5
2442,6 2729,5
2442,4 2729,5
2442,1 2729,5
2441,9 2729,5
2441,4 2729,5
2441,4 2729,5
2441,4 2729,5
2441,4 2729,5
2441,4 2729,5
2441,4 2729,5
2440,9 2729,5
2440,9 2729,5
2440,7 2729,5
2439,9 2729,5
2439,4 2729,5
2439,2 2729,5
2438,9 2729,5
2438,5 2729,5
2438,2 2729,5
2437,5 2729,5
2437,0 2729,5
2443,6 2729,5
2442,9 2729,5
2439,9 2729,5
2423,2 2729,5
2431,0 2729,5
2430,8 2729,5
2430,3 2729,5
2429,8 2729,5
2429,8 2729,5
2429,8 2729,5
2429,8 2729,5
2429,3 2729,5
2418,0 2737,0
2422,9 2737,2
2424,5 2737,2
2423,1 2737,2
2422,1 2737,2
2420,6 2737,2
2430,4 2737,2
2428,7 2737,2
2428,2 2737,2
2436,0 2737,2
2435,5 2737,2
2434,7 2737,2
2434,7 2737,2
2433,8 2737,2
2432,5 2737,2
2431,1 2737,2
2430,8 2737,2
2429,6 2737,2
2429,3 2737,2
2429,3 2737,2
2429,3 2737,2
2429,3 2737,2
2429,3 2737,2
2429,3 2737,2
2429,3 2737,2
2429,3 2737,2
2429,1 2737,2
2429,1 2737,2
2429,1 2737,2
2428,8 2737,2
2428,6 2737,2
2428,3 2737,2
2428,3 2737,2
2428,1 2737,2
2428,1 2737,2
2427,6 2737,2
2427,6 2737,2
2426,4 2737,2
2425,9 2737,2
2424,9 2737,2
2424,9 2737,2
2423,7 2737,2
2422,9 2737,2
2422,7 2737,2
2422,4 2737,2
2421,7 2737,2
2431,2 2737,2
2430,0 2737,2
2428,5 2737,2
2428,0 2737,2
2428,0 2737,2
2427,0 2737,2
2427,0 2737,2
2426,5 2737,2
2426,5 2737,2
2426,0 2737,2
2425,1 2737,2
2425,1 2737,2
2424,8 2737,2
2424,6 2737,2
2424,1 2737,2
2423,6 2737,2
2423,6 2737,2
2423,1 2737,2
2422,4 2737,5
2422,1 2737,5
2431,8 2737,5
2431,8 2737,5
2431,8 2737,5
2431,8 2737,5
2431,8 2737,5
2431,6 2737,5
2431,3 2737,5
2430,1 2737,5
2429,9 2737,5
2429,4 2737,5
2428,9 2737,5
2428,9 2737,5
2427,9 2737,5
2427,4 2737,5
2425,7 2737,5
2425,7 2737,5
2425,7 2737,5
2425,7 2737,5
2425,7 2737,5
2425,7 2737,5
2425,7 2737,5
2424,5 2737,5
2424,5 2737,5
2424,5 2737,5
2424,5 2737,5
2424,0 2737,5
2423,7 2737,5
2423,2 2737,5
2422,5 2737,5
2422,5 2737,5
2422,5 2737,5
2422,2 2737,5
2422,0 2737,5
2421,3 2737,5
2421,3 2737,5
2421,3 2737,5
2421,3 2737,5
2419,5 2737,5
2419,3 2737,5
2419,0 2737,5
2418,8 2737,5
2418,3 2737,5
2417,6 2737,5
2416,3 2737,5
2415,6 2737,5
2415,6 2737,5
2415,4 2737,5
2423,9 2738,0
2421,4 2738,0
2421,2 2738,0
2420,7 2738,0
2420,7 2738,0
2420,2 2738,0
2420,2 2738,0
2419,7 2738,0
2418,2 2738,0
2418,0 2738,0
2417,2 2738,0
2415,7 2738,0
2425,8 2738,0
2424,3 2738,0
2423,8 2738,0
2423,1 2738,0
2422,8 2738,0
2422,6 2738,0
2421,8 2738,0
2421,1 2738,0
2419,9 2738,0
2419,9 2738,0
2419,6 2738,0
2419,1 2738,0
2418,6 2738,0
2418,2 2738,0
2417,9 2738,0
2416,7 2738,0
2416,7 2738,0
2415,9 2738,0
2415,2 2738,0
2415,2 2738,0
2415,2 2738,0
2415,2 2738,0
2415,0 2738,0
2414,7 2738,0
2413,7 2738,0
2413,7 2738,0
2411,1 2738,0
2411,1 2738,0
2411,1 2738,0
2411,1 2738,0
2410,3 2738,0
2410,3 2738,0
2410,3 2738,0
2410,3 2738,0
2410,1 2738,0
2409,8 2738,0
2408,4 2738,0
2408,4 2738,0
2408,4 2738,0
2408,4 2738,0
2406,9 2738,0
2406,9 2738,0
2406,4 2738,0
2406,4 2738,0
2405,4 2738,0
2405,4 2738,0
2404,9 2738,0
2404,9 2738,0
2404,9 2738,0
2404,9 2738,0
2404,7 2738,0
2404,7 2738,0
2413,0 2738,0
2413,0 2738,0
2410,5 2738,0
2410,5 2738,0
2420,3 2738,0
2420,3 2738,0
2417,3 2738,0
2417,3 2738,0
2413,9 2739,2
2413,9 2739,2
2403,1 2743,7
2403,1 2752,5
2376,4 2765,5
2375,4 2766,0
2373,2 2766,0
2372,2 2766,0
2370,2 2766,7
2368,7 2767,2
2365,3 2768,5
2364,6 2768,5
2363,6 2768,5
2362,3 2768,5
2360,6 2769,0
2359,9 2769,0
2359,9 2769,0
2359,4 2769,0
2359,4 2769,0
2358,9 2769,0
2358,7 2769,0
2358,7 2769,0
2357,7 2769,0
2356,9 2769,0
2335,8 2769,7
2330,6 2769,7
2310,7 2771,2
2309,2 2771,2
2308,7 2771,2
2308,0 2771,2
2308,0 2771,2
2308,0 2771,2
2245,0 2773,7
2233,7 2773,7
2146,8 2774,2
2142,4 2774,7
2035,6 2776,5
2021,8 2776,5
1964,2 2777,5
1959,5 2777,5
1947,2 2777,7
1946,7 2777,7
1944,5 2778,0
1943,8 2778,0
2064,8 2778,2
2063,6 2778,2
2062,8 2778,2
2061,8 2778,2
2061,8 2778,2
2061,4 2778,2
2061,4 2778,2
2061,4 2778,2
2061,4 2778,2
2061,1 2778,2
2061,1 2778,2
2061,1 2778,2
2060,9 2778,2
2060,9 2778,2
2060,9 2778,2
2060,9 2778,2
2060,4 2778,2
2060,1 2778,2
2060,1 2778,2
2060,1 2778,2
2059,4 2778,2
2059,4 2778,2
2059,4 2778,2
2059,1 2778,2
2058,7 2778,2
2058,2 2778,2
2058,2 2778,2
2058,2 2778,2
2057,9 2778,2
2057,7 2778,2
2057,4 2778,2
2056,4 2778,2
2056,2 2778,2
2056,0 2778,2
2055,7 2778,2
2054,7 2778,2
2054,0 2778,2
2053,2 2778,2
2053,2 2778,2
2053,0 2778,2
2052,8 2778,2
2051,8 2778,2
2051,8 2778,2
2051,3 2778,2
2060,9 2778,2
2059,6 2778,2
2068,7 2778,2
2066,7 2778,2
2063,0 2778,2
2062,3 2778,2
2062,0 2778,2
2060,6 2778,2
2059,3 2778,2
2059,3 2778,2
2059,3 2778,2
2059,3 2778,2
2059,1 2778,2
2058,6 2778,2
2058,1 2778,2
2057,6 2778,2
2065,5 2778,2
2065,5 2778,2
2065,0 2778,2
2065,0 2778,2
2063,3 2778,2
2063,3 2778,2
2055,9 2778,2
2055,9 2778,2
2055,4 2778,2
2055,1 2778,2
2054,7 2778,2
2054,7 2778,2
2054,7 2778,2
2054,7 2778,2
2063,4 2778,2
2063,4 2778,2
2063,4 2778,2
2063,2 2778,2
2062,7 2778,2
2062,7 2778,2
2061,9 2778,2
2061,9 2778,2
2061,0 2778,2
2061,0 2778,2
2060,7 2778,2
2060,7 2778,2
2060,2 2778,2
2060,2 2778,2
2060,0 2778,2
2059,7 2778,2
2059,0 2778,2
2058,8 2778,2
2058,3 2778,2
2058,3 2778,2
2058,3 2778,2
2058,3 2778,2
2057,0 2778,2
2057,0 2778,2
2056,5 2778,2
2056,5 2778,2
2056,3 2778,2
2056,0 2778,2
2055,1 2778,2
2055,1 2778,2
2055,1 2778,2
2055,1 2778,2
2055,1 2778,2
2055,1 2778,2
2055,1 2778,2
2055,1 2778,2
2055,1 2778,2
2055,1 2778,2
2055,1 2778,2
2054,8 2778,2
2054,1 2778,2
2054,1 2778,2
2062,7 2778,2
2061,5 2778,2
2059,5 2778,2
2059,3 2778,2
2058,3 2779,2
2058,3 2779,2
2057,8 2779,2
2057,8 2779,2
2057,3 2779,2
2057,3 2779,2
2056,3 2779,2
2056,3 2779,2
2056,3 2779,2
2056,3 2779,2
2056,1 2779,2
2056,1 2779,2
2056,1 2779,2
2056,1 2779,2
2040,1 2779,7
2034,2 2779,7
1979,1 2780,0
1974,7 2780,0
1938,0 2780,0
1935,1 2780,0
1933,6 2780,0
1932,6 2780,0
2063,0 2780,2
2062,0 2780,2
2061,2 2780,2
2060,3 2780,2
2059,0 2780,2
2057,8 2780,2
2056,3 2780,2
2056,3 2780,2
2055,6 2780,2
2055,3 2780,2
2055,1 2780,2
2054,1 2780,2
2054,1 2780,2
2054,1 2780,2
2054,1 2780,2
2053,9 2780,2
2053,6 2780,2
2053,6 2780,2
2052,6 2780,2
2052,6 2780,2
2052,6 2780,2
2052,6 2780,2
2052,6 2780,2
2052,6 2780,2
2053,5 2780,2
2053,3 2780,2
2053,0 2780,2
2052,5 2780,2
2051,8 2780,2
2051,8 2780,2
2051,3 2780,2
2051,3 2780,2
2051,3 2780,2
2051,3 2780,2
2050,3 2780,2
2049,8 2780,2
2048,8 2780,2
2048,6 2780,2
2058,1 2780,2
2055,7 2780,2
2055,2 2780,2
2054,7 2780,2
2054,0 2780,2
2053,0 2780,2
2052,7 2780,2
2052,2 2780,2
2052,0 2780,2
2050,8 2780,2
2050,5 2780,2
2050,0 2780,2
2050,0 2780,2
2049,8 2780,2
2049,8 2780,2
2059,3 2780,2
2059,0 2780,2
2059,0 2780,2
2058,5 2780,2
2057,5 2780,2
2057,5 2780,2
2055,8 2780,2
2055,1 2780,2
2052,1 2780,2
2052,1 2780,2
2051,4 2780,2
2051,4 2780,2
2051,4 2780,2
2051,4 2780,2
2051,4 2780,2
2051,4 2780,2
2051,4 2780,2
2050,9 2780,2
2066,9 2780,7
2066,7 2780,7
2066,7 2780,7
2059,8 2781,0
2052,6 2781,5
2052,1 2781,5
2052,1 2781,5
2052,1 2781,5
2051,4 2781,5
2051,2 2781,5
2050,4 2781,5
2050,2 2781,5
2049,9 2781,5
2059,0 2781,5
2057,0 2781,5
2056,8 2781,5
2055,8 2781,5
2055,8 2781,5
2055,3 2781,5
2054,8 2781,5
2060,7 2781,5
2059,0 2781,5
2057,8 2781,5
2057,8 2781,5
2056,8 2781,5
2056,3 2781,5
2056,3 2781,5
2056,3 2781,5
2056,1 2781,5
2055,3 2781,5
2055,1 2781,5
2054,8 2781,5
2053,6 2781,5
2053,1 2781,5
2052,4 2781,5
2052,4 2781,5
2052,1 2781,5
2051,9 2781,5
2051,9 2781,5
2051,9 2781,5
2050,9 2781,5
2050,9 2781,5
2059,9 2781,5
2059,9 2781,5
2058,7 2781,5
2058,7 2781,5
2057,0 2781,5
2057,0 2781,5
2055,5 2781,5
2055,5 2781,5
2054,8 2781,5
2054,8 2781,5
2064,2 2781,5
2064,2 2781,5
2062,3 2781,5
2062,3 2781,5
2060,8 2781,5
2060,8 2781,5
2059,3 2781,5
2059,3 2781,5
2058,3 2781,5
2057,8 2781,5
2054,2 2781,5
2054,2 2781,5
2053,9 2781,5
2053,9 2781,5
2052,9 2781,5
2052,9 2781,5
2051,0 2781,5
2051,0 2781,5
2050,5 2781,5
2050,5 2781,5
2049,7 2781,5
2049,7 2781,5
2048,7 2781,5
2048,7 2781,5
2056,6 2781,5
2055,8 2781,5
2055,4 2781,5
2054,9 2781,5
2054,6 2781,5
2054,4 2781,5
2053,4 2781,5
2052,9 2781,5
2051,4 2781,5
2051,4 2781,5
2050,9 2781,5
2050,9 2781,5
2049,9 2781,5
2049,7 2781,5
2049,4 2781,5
2049,4 2781,5
2049,2 2781,5
2049,0 2781,5
2048,5 2781,5
2048,5 2781,5
2047,2 2781,5
2047,0 2781,5
2056,7 2781,5
2056,0 2781,5
2055,5 2781,5
2054,5 2781,5
2054,0 2781,5
2052,5 2781,5
2052,5 2781,5
2052,3 2781,5
2052,3 2781,5
2052,1 2781,5
2051,8 2781,5
2051,6 2781,5
2051,3 2781,5
2051,3 2781,5
2050,8 2781,5
2050,8 2781,5
2050,8 2781,5
2049,8 2781,5
2049,8 2781,5
2049,8 2781,5
2048,6 2781,5
2048,6 2781,5
2058,9 2781,5
2058,4 2781,5
2058,2 2781,5
2056,7 2781,5
2055,5 2781,5
2054,5 2781,5
2053,0 2781,5
2052,8 2781,5
2052,8 2781,5
2052,5 2781,5
2052,3 2781,5
2051,8 2781,5
2051,5 2781,5
2061,9 2781,5
2060,1 2781,5
2058,7 2781,5
2058,4 2781,5
2057,7 2781,5
2056,2 2781,5
2055,7 2781,5
2055,5 2781,5
2054,7 2781,5
2054,0 2781,5
2053,0 2781,5
2053,0 2781,5
2052,8 2781,5
2052,5 2781,5
2051,5 2781,5
2051,0 2781,5
2051,0 2781,5
2051,0 2781,5
2051,0 2781,5
2050,5 2781,5
2050,5 2781,5
2050,5 2781,5
2050,5 2781,5
2050,5 2781,5
2050,5 2781,5
2049,8 2781,5
2049,8 2781,5
2049,8 2781,5
2048,6 2781,5
2048,6 2781,5
2048,6 2781,5
2048,3 2781,5
2047,6 2781,5
2047,3 2781,5
2046,6 2781,5
2046,4 2781,5
2068,9 2781,5
2068,6 2781,5
2068,1 2781,5
2068,1 2781,5
2067,9 2781,5
2067,6 2781,5
2067,6 2781,5
2067,4 2781,5
2067,4 2781,5
2067,4 2781,5
2067,4 2781,5
2067,4 2781,5
2067,1 2781,5
2067,1 2781,5
2077,1 2781,5
2077,1 2781,5
2076,4 2781,5
2075,9 2781,5
2075,4 2781,5
2074,9 2781,5
2074,7 2781,5
2074,4 2781,5
2073,9 2781,5
2073,7 2781,5
2073,5 2781,5
2073,2 2781,5
2072,0 2781,5
2082,4 2781,5
2082,2 2781,5
2082,2 2781,5
2081,2 2781,5
2080,7 2781,5
2080,7 2781,5
2080,2 2781,5
2079,5 2781,5
2079,0 2781,5
2078,3 2781,5
2078,3 2781,5
2078,3 2781,5
2078,0 2781,5
2077,0 2781,5
2077,0 2781,5
2076,5 2781,5
2075,6 2781,5
2075,1 2781,5
2074,8 2781,5
2074,1 2781,5
2074,1 2781,5
2073,3 2781,5
2073,3 2781,5
2072,1 2781,5
2071,9 2781,5
2071,4 2781,5
2070,1 2781,5
2069,4 2781,5
2077,8 2781,5
2075,6 2781,5
2075,3 2781,5
2073,8 2781,5
2083,3 2781,5
2081,9 2781,5
2081,6 2781,5
2080,9 2781,5
2080,6 2781,5
2079,9 2781,5
2079,9 2781,5
2079,4 2781,5
2079,4 2781,5
2079,2 2781,5
2078,7 2781,5
2077,7 2781,5
2077,7 2781,5
2076,2 2781,5
2076,0 2781,5
2076,0 2781,5
2076,0 2781,5
2075,0 2781,5
2074,7 2781,5
2074,7 2781,5
2074,7 2781,5
2074,7 2781,5
2074,5 2781,5
2073,5 2781,5
2073,5 2781,5
2073,3 2781,5
2073,3 2781,5
2072,5 2781,5
2072,5 2781,5
2072,5 2781,5
2072,5 2781,5
2067,7 2781,5
2078,1 2781,5
2076,6 2781,5
2076,6 2781,5
2074,4 2781,5
2074,4 2781,5
2074,4 2781,5
2074,4 2781,5
2072,6 2781,5
2072,6 2781,5
2071,7 2781,5
2071,7 2781,5
2071,2 2781,5
2071,2 2781,5
2079,4 2781,5
2079,4 2781,5
2077,5 2781,5
2077,5 2781,5
2076,0 2781,5
2076,0 2781,5
2074,5 2781,5
2074,5 2781,5
2074,0 2781,5
2074,0 2781,5
2074,0 2781,5
2074,0 2781,5
2072,3 2781,5
2072,3 2781,5
2071,8 2781,5
2071,8 2781,5
2071,8 2781,5
2071,8 2781,5
2071,8 2781,5
2071,8 2781,5
2070,3 2781,5
2070,1 2781,5
2069,8 2781,5
2069,8 2781,5
2069,8 2781,5
2069,8 2781,5
2069,8 2781,5
2069,8 2781,5
2069,8 2781,5
2069,8 2781,5
2069,8 2781,5
2069,8 2781,5
2069,8 2781,5
2069,6 2781,5
2078,1 2781,5
2077,9 2781,5
2076,9 2781,5
2076,9 2781,5
2076,4 2781,5
2086,5 2781,5
2084,8 2781,5
2084,8 2781,5
2084,3 2781,5
2084,3 2781,5
2083,0 2781,5
2083,0 2781,5
2080,3 2781,5
2080,3 2781,5
2079,8 2781,5
2079,8 2781,5
2079,8 2781,5
2079,8 2781,5
2079,3 2781,5
2079,3 2781,5
2078,9 2781,5
2078,9 2781,5
2077,9 2781,5
2077,9 2781,5
2075,7 2781,5
2075,7 2781,5
2075,7 2781,5
2075,7 2781,5
2075,4 2781,5
2075,4 2781,5
2073,9 2781,5
2073,9 2781,5
2073,7 2781,5
2073,7 2781,5
2073,0 2781,5
2073,0 2781,5
2070,5 2781,5
2070,5 2781,5
2070,5 2781,5
2070,5 2781,5
2069,5 2781,5
2069,5 2781,5
2069,5 2781,5
2069,5 2781,5
2069,5 2781,5
2069,5 2781,5
2069,5 2781,5
2069,5 2781,5
2078,7 2781,7
2078,0 2782,0
2062,5 2782,0
2062,3 2782,0
2061,3 2782,0
2061,3 2782,0
2061,1 2782,0
2061,1 2782,0
2060,3 2782,0
2060,1 2782,0
2059,6 2782,0
2059,6 2782,0
2059,1 2782,0
2058,6 2782,0
2057,4 2782,0
2057,1 2782,0
2057,1 2782,0
2057,1 2782,0
2057,1 2782,0
2057,1 2782,0
2057,1 2782,0
2057,1 2782,0
2056,6 2782,0
2056,6 2782,0
2056,1 2782,0
2056,1 2782,0
2055,4 2782,0
2054,4 2782,0
2054,2 2782,0
2054,2 2782,0
2053,2 2782,0
2052,4 2782,0
2052,0 2782,0
2051,7 2782,0
2051,7 2782,0
2051,5 2782,0
2060,0 2782,0
2059,5 2782,0
2059,5 2782,0
2059,3 2782,0
2057,1 2782,0
2056,8 2782,0
2056,8 2782,0
2056,3 2782,0
2056,1 2782,0
2056,1 2782,0
2056,1 2782,0
2056,1 2782,0
2055,6 2782,0
2054,9 2782,0
2064,2 2782,0
2063,8 2782,0
2063,8 2782,0
2063,8 2782,0
2063,3 2782,0
2063,0 2782,0
2062,8 2782,0
2061,8 2782,0
2061,5 2782,0
2061,0 2782,0
2059,1 2782,0
2058,3 2782,0
2067,4 2782,0
2067,0 2782,0
2066,7 2782,0
2066,5 2782,0
2065,0 2782,0
2065,0 2782,0
2064,2 2782,0
2064,0 2782,0
2063,3 2782,0
2063,3 2782,0
2062,3 2782,0
2061,3 2782,0
2059,8 2782,0
2059,6 2782,0
2058,3 2782,0
2058,1 2782,0
2057,9 2782,0
2057,4 2782,0
2055,9 2782,0
2055,1 2782,0
2055,1 2782,0
2055,1 2782,0
2055,1 2782,0
2055,1 2782,0
2054,7 2782,0
2054,4 2782,0
2064,3 2782,0
2063,6 2782,0
2062,4 2782,0
2061,9 2782,0
2061,6 2782,0
2061,4 2782,0
2061,4 2782,0
2061,4 2782,0
2060,2 2782,0
2059,7 2782,0
2058,9 2782,0
2058,7 2782,0
2057,9 2782,0
2057,9 2782,0
2057,9 2782,0
2057,2 2782,0
2057,0 2782,0
2056,7 2782,0
2056,2 2782,0
2056,0 2782,0
2055,7 2782,0
2055,0 2782,0
2055,0 2782,0
2055,0 2782,0
2055,0 2782,0
2055,0 2782,0
2055,0 2782,0
2055,0 2782,0
2055,0 2782,0
2063,3 2782,0
2063,3 2782,0
2063,3 2782,0
2062,6 2782,0
2061,6 2782,0
2061,6 2782,0
2061,6 2782,0
2061,6 2782,0
2061,6 2782,0
2060,6 2782,0
2060,1 2782,0
2060,1 2782,0
2059,4 2782,0
2058,6 2782,0
2058,6 2782,0
2058,6 2782,0
2058,6 2782,0
2058,4 2782,0
2057,9 2782,0
2057,9 2782,0
2057,7 2782,0
2056,9 2782,0
2056,4 2782,0
2065,1 2782,0
2064,8 2782,0
2064,4 2782,0
2063,1 2782,0
2063,1 2782,0
2063,1 2782,0
2063,1 2782,0
2062,6 2782,0
2062,6 2782,0
2062,1 2782,0
2061,2 2782,0
2061,2 2782,0
2060,7 2782,0
2060,4 2782,0
2060,4 2782,0
2060,4 2782,0
2059,9 2782,0
2059,9 2782,0
2059,9 2782,0
2058,7 2782,0
2058,4 2782,0
2058,2 2782,0
2057,2 2782,0
2057,0 2782,0
2057,0 2782,0
2055,7 2782,0
2055,0 2782,0
2055,0 2782,0
2055,0 2782,0
2055,0 2782,0
2055,0 2782,0
2055,0 2782,0
2055,0 2782,0
2055,0 2782,0
2055,0 2782,0
2055,0 2782,0
2055,0 2782,0
2055,0 2782,0
2054,8 2782,0
2054,3 2782,0
2053,5 2782,0
2052,5 2782,0
2052,1 2782,0
2052,1 2782,0
2051,6 2782,0
2050,3 2782,0
2050,3 2782,0
2049,3 2782,0
2049,3 2782,0
2048,6 2782,0
2057,9 2782,0
2056,2 2782,0
2055,4 2782,0
2054,7 2782,0
2054,7 2782,0
2054,2 2782,0
2053,7 2782,0
2052,0 2782,0
2060,5 2782,0
2058,6 2782,0
2058,1 2782,0
2056,8 2782,0
2056,6 2782,0
2056,1 2782,0
2055,6 2782,0
2055,1 2782,0
2064,2 2782,0
2062,3 2782,0
2061,3 2782,0
2060,8 2782,0
2060,8 2782,0
2059,3 2782,0
2058,6 2782,0
2057,8 2782,0
2057,8 2782,0
2057,6 2782,0
2057,6 2782,0
2057,3 2782,0
2054,9 2782,0
2052,7 2782,0
2051,7 2782,0
2051,0 2782,0
2050,2 2782,0
2050,0 2782,0
2050,0 2782,0
2050,0 2782,0
2050,0 2782,0
2050,0 2782,0
2049,7 2782,0
2049,7 2782,0
2049,7 2782,0
2049,7 2782,0
2049,7 2782,0
2049,7 2782,0
2059,6 2782,0
2059,1 2782,0
2058,8 2782,0
2058,8 2782,0
2058,6 2782,0
2058,6 2782,0
2058,3 2782,0
2057,9 2782,0
2057,6 2782,0
2057,4 2782,0
2057,4 2782,0
2057,4 2782,0
2056,4 2782,0
2056,4 2782,0
2055,4 2782,0
2053,4 2782,0
2053,2 2782,0
2052,9 2782,0
2052,2 2782,0
2051,7 2782,0
2051,5 2782,0
2051,5 2782,0
2061,2 2782,0
2060,0 2782,0
2059,5 2782,0
2058,5 2782,0
2058,2 2782,0
2058,0 2782,0
2057,5 2782,0
2056,0 2782,0
2056,0 2782,0
2065,4 2782,0
2064,6 2782,0
2064,1 2782,0
2063,9 2782,0
2063,6 2782,0
2063,1 2782,0
2061,9 2782,0
2061,7 2782,0
2061,2 2782,0
2060,7 2782,0
2060,4 2782,0
2060,0 2782,0
2058,2 2782,0
2058,0 2782,0
2058,0 2782,0
2058,0 2782,0
2057,5 2782,0
2057,5 2782,0
2056,5 2782,0
2056,5 2782,0
2056,5 2782,0
2056,5 2782,0
2056,3 2782,0
2056,3 2782,0
2055,0 2782,0
2053,6 2782,0
2052,3 2782,0
2051,6 2782,0
2051,6 2782,0
2051,6 2782,0
2061,2 2782,0
2061,2 2782,0
2060,0 2782,0
2060,0 2782,0
2059,5 2782,0
2058,5 2782,0
2058,0 2782,0
2056,6 2782,0
2056,6 2782,0
2056,6 2782,0
2056,6 2782,0
2056,6 2782,0
2056,6 2782,0
2056,3 2782,0
2056,3 2782,0
2056,1 2782,0
2066,1 2782,0
2066,1 2782,0
2065,6 2782,0
2065,4 2782,0
2065,1 2782,0
2063,4 2782,0
2061,0 2782,0
2060,2 2782,0
2059,7 2782,0
2057,0 2782,0
2056,5 2782,0
2056,5 2782,0
2056,3 2782,0
2056,3 2782,0
2056,3 2782,0
2055,6 2782,0
2055,6 2782,0
2055,6 2782,0
2055,6 2782,0
2055,1 2782,0
2055,1 2782,0
2055,1 2782,0
2055,1 2782,0
2054,8 2782,0
2054,6 2782,0
2054,3 2782,0
2054,3 2782,0
2054,1 2782,0
2053,6 2782,0
2053,6 2782,0
2053,6 2782,0
2053,4 2782,0
2053,4 2782,0
2053,4 2782,0
2053,4 2782,0
2053,4 2782,0
2052,4 2782,0
2051,9 2782,0
2051,6 2782,0
2051,4 2782,0
2051,4 2782,0
2051,4 2782,0
2051,4 2782,0
2051,4 2782,0
2051,1 2782,0
2051,1 2782,0
2050,9 2782,0
2050,9 2782,0
2050,9 2782,0
2061,0 2782,0
2060,0 2782,0
2059,8 2782,0
2059,3 2782,0
2059,0 2782,0
2057,6 2782,0
2057,6 2782,0
2057,3 2782,0
2057,3 2782,0
2057,3 2782,0
2056,8 2782,0
2055,8 2782,0
2055,1 2782,0
2054,4 2782,0
2053,9 2782,0
2053,4 2782,0
2053,1 2782,0
2062,0 2782,0
2061,5 2782,0
2061,0 2782,0
2060,8 2782,0
2060,3 2782,0
2060,3 2782,0
2059,3 2782,0
2059,3 2782,0
2058,6 2782,0
2058,6 2782,0
2058,6 2782,0
2058,1 2782,0
2058,1 2782,0
2058,1 2782,0
2058,1 2782,0
2057,3 2782,0
2056,6 2782,0
2056,6 2782,0
2056,6 2782,0
2056,3 2782,0
2055,6 2782,0
2055,6 2782,0
2063,1 2782,0
2062,9 2782,0
2062,6 2782,0
2061,9 2782,0
2061,9 2782,0
2061,9 2782,0
2061,6 2782,0
2060,7 2782,0
2060,2 2782,0
2060,2 2782,0
2059,4 2782,0
2058,4 2782,0
2058,2 2782,0
2057,0 2782,0
2056,5 2782,0
2055,0 2782,0
2054,5 2782,0
2054,3 2782,0
2054,3 2782,0
2053,5 2782,0
2051,8 2782,0
2051,8 2782,0
2051,8 2782,0
2051,8 2782,0
2050,8 2782,0
2050,6 2782,0
2050,1 2782,0
2050,1 2782,0
2050,1 2782,0
2049,8 2782,0
2049,3 2782,0
2049,3 2782,0
2049,3 2782,0
2049,3 2782,0
2049,3 2782,0
2049,3 2782,0
2049,3 2782,0
2049,1 2782,0
2057,4 2782,0
2057,4 2782,0
2057,4 2782,0
2057,4 2782,0
2054,4 2782,0
2054,2 2782,0
2053,4 2782,0
2053,4 2782,0
2053,2 2782,0
2052,4 2782,0
2048,8 2782,0
2048,0 2782,0
2047,5 2782,0
2047,3 2782,0
2040,6 2782,0
2040,6 2782,0
2049,8 2782,0
2048,6 2782,0
2056,8 2782,0
2056,8 2782,0
2055,8 2782,0
2055,8 2782,0
2054,8 2782,0
2054,8 2782,0
2054,1 2782,0
2053,6 2782,0
2051,1 2782,0
2051,1 2782,0
2050,9 2782,0
2050,9 2782,0
2049,7 2782,0
2049,7 2782,0
2047,4 2782,0
2047,2 2782,0
2046,9 2782,0
2046,9 2782,0
2046,9 2782,0
2046,9 2782,0
2046,9 2782,0
2046,9 2782,0
2046,9 2782,0
2046,7 2782,0
2056,0 2782,0
2052,8 2782,0
2034,9 2782,0
2034,4 2782,0
2032,2 2782,0
2030,4 2782,0
2028,5 2782,0
2028,5 2782,0
2023,8 2782,0
2023,3 2782,0
2023,1 2782,0
2022,8 2782,0
2022,6 2782,0
2022,6 2782,0
2022,3 2782,0
2022,3 2782,0
2016,7 2784,0
2015,9 2784,5
1960,1 2786,5
1952,7 2786,5
1939,2 2793,2
1937,5 2793,2
1887,8 2795,0
1887,3 2795,0
1881,4 2796,0
1879,6 2796,0
1879,4 2796,0
1878,6 2796,0
1878,2 2796,0
1877,2 2796,0
1877,2 2796,2
1876,7 2796,2
1876,2 2796,2
1875,0 2796,2
1875,0 2796,2
1874,5 2796,2
1882,7 2796,2
1882,0 2796,2
1881,2 2796,2
1880,3 2796,2
1880,0 2796,2
1890,0 2796,2
1889,8 2796,2
1887,6 2796,2
1887,1 2796,2
1884,9 2796,2
1884,9 2796,2
1892,6 2796,2
1892,4 2796,2
1892,1 2796,2
1892,1 2796,2
1892,1 2796,2
1892,1 2796,2
1891,4 2796,2
1890,4 2796,2
1889,2 2796,2
1888,9 2796,2
1888,7 2796,2
1888,7 2796,2
1888,2 2796,2
1888,0 2796,2
1887,5 2796,2
1887,5 2796,2
1886,2 2796,2
1886,2 2796,2
1885,3 2796,2
1884,8 2796,2
1882,6 2796,2
1882,6 2796,2
1881,1 2796,2
1889,8 2796,2
1888,6 2796,2
1888,1 2796,2
1896,4 2796,2
1895,9 2796,2
1894,7 2796,2
1894,4 2796,2
1893,4 2796,2
1893,4 2796,2
1892,9 2796,2
1892,7 2796,2
1892,2 2796,2
1892,2 2796,2
1891,2 2796,2
1891,2 2796,2
1891,2 2796,2
1891,0 2796,2
1890,2 2796,2
1890,2 2796,2
1890,0 2796,2
1889,7 2796,2
1889,2 2796,2
1889,2 2796,2
1889,2 2796,2
1889,0 2796,2
1888,5 2796,2
1888,5 2796,2
1888,5 2796,2
1888,5 2796,2
1887,5 2796,2
1897,8 2796,2
1896,8 2796,5
1895,3 2796,5
1894,1 2796,5
1893,6 2796,5
1893,6 2796,5
1893,3 2796,5
1892,6 2796,5
1892,6 2796,5
1892,4 2796,5
1892,4 2796,5
1891,9 2796,5
1891,9 2796,5
1890,6 2796,5
1888,9 2796,5
1888,4 2796,5
1888,2 2796,5
1897,6 2796,5
1897,2 2796,5
1896,2 2796,5
1895,9 2796,5
1895,9 2796,5
1895,9 2796,5
1894,7 2796,5
1894,5 2796,5
1894,0 2796,5
1892,7 2796,5
1892,0 2796,5
1891,3 2796,5
1891,0 2796,5
1890,8 2796,5
1890,5 2796,5
1890,5 2796,5
1890,3 2796,5
1889,5 2796,5
1888,5 2796,5
1888,5 2796,5
1888,1 2796,5
1888,1 2796,5
1888,1 2796,5
1887,8 2796,5
1886,6 2796,5
1885,1 2796,5
1885,1 2796,5
1885,1 2796,5
1884,9 2796,5
1884,4 2796,5
1884,1 2796,5
1884,1 2796,5
1881,7 2796,5
1881,4 2796,5
1881,4 2796,5
1881,4 2796,5
1881,2 2796,5
1880,2 2796,5
1879,9 2796,5
1879,2 2796,5
1879,2 2796,5
1878,5 2796,5
1877,0 2796,5
1877,0 2796,5
1876,7 2797,2
1876,7 2797,2
1875,0 2797,2
1874,8 2797,2
1883,6 2797,2
1883,1 2797,2
1881,9 2797,2
1881,9 2797,2
1880,1 2797,2
1880,1 2797,2
1879,9 2797,2
1879,2 2797,2
1887,7 2797,2
1886,2 2797,2
1886,2 2797,2
1886,2 2797,2
1885,7 2797,2
1885,5 2797,2
1885,5 2797,2
1885,0 2797,2
1885,0 2797,2
1885,0 2797,2
1884,7 2797,2
1884,5 2797,2
1884,0 2797,2
1883,7 2797,2
1883,7 2797,2
1883,5 2797,2
1883,5 2797,2
1883,2 2797,2
1883,2 2797,2
1883,2 2797,2
1883,0 2797,2
1883,0 2797,2
1883,0 2797,2
1882,8 2797,2
1882,0 2797,2
1882,0 2797,2
1881,5 2797,2
1881,5 2797,2
1881,5 2797,2
1881,5 2797,2
1881,5 2797,2
1881,3 2797,2
1889,9 2797,2
1889,2 2797,2
1888,5 2797,2
1886,7 2797,2
1886,2 2797,2
1885,5 2797,2
1885,0 2797,2
1884,5 2797,2
1883,4 2797,2
1883,1 2797,2
1883,1 2797,2
1883,1 2797,2
1892,6 2797,2
1891,9 2797,2
1891,1 2797,2
1890,9 2797,2
1890,6 2797,2
1890,4 2797,2
1889,1 2797,2
1888,4 2797,2
1887,2 2797,2
1885,5 2797,2
1894,4 2797,2
1893,5 2797,2
1893,5 2797,2
1893,2 2797,2
1893,0 2797,2
1892,5 2797,2
1890,8 2797,2
1890,8 2797,2
1890,0 2797,2
1889,5 2797,2
1889,5 2797,2
1889,0 2797,2
1889,0 2797,2
1888,3 2797,2
1888,3 2797,2
1888,0 2797,2
1888,0 2797,2
1887,1 2797,2
1887,1 2797,2
1887,1 2797,2
1887,1 2797,2
1886,8 2797,2
1886,8 2797,2
1886,8 2797,2
1886,8 2797,2
1886,1 2797,2
1884,9 2797,2
1884,4 2797,2
1883,6 2797,2
1883,1 2797,2
1883,1 2797,2
1882,4 2797,2
1882,4 2797,2
1882,4 2797,2
1882,1 2797,2
1881,4 2797,2
1881,4 2797,2
1881,2 2797,2
1881,2 2797,2
1880,9 2797,2
1880,2 2797,2
1880,2 2797,2
1879,9 2797,2
1879,7 2797,2
1889,0 2797,2
1888,0 2797,2
1888,0 2797,2
1886,3 2797,2
1886,3 2797,2
1885,3 2797,2
1885,3 2797,2
1885,1 2797,2
1884,8 2797,2
1883,3 2797,2
1883,3 2797,2
1883,1 2797,2
1882,8 2797,2
1882,8 2797,2
1882,8 2797,2
1882,3 2797,2
1881,6 2797,2
1881,1 2797,2
1880,9 2797,2
1880,9 2797,2
1880,9 2797,2
1880,4 2797,2
1880,1 2797,2
1880,1 2797,2
1879,6 2797,2
1879,1 2797,2
1879,1 2797,2
1889,0 2797,2
1889,0 2797,2
1889,0 2797,2
1889,0 2797,2
1888,3 2797,2
1888,3 2797,2
1888,3 2797,2
1888,3 2797,2
1887,8 2797,2
1887,8 2797,2
1887,3 2797,2
1887,0 2797,2
1887,0 2797,2
1887,0 2797,2
1885,8 2797,2
1885,8 2797,2
1885,1 2797,2
1884,3 2797,2
1883,4 2797,2
1882,6 2797,2
1882,6 2797,2
1882,6 2797,2
1882,6 2797,2
1882,6 2797,2
1882,4 2797,2
1882,4 2797,2
1882,4 2797,2
1882,4 2797,2
1881,9 2797,2
1881,9 2797,2
1881,6 2797,2
1881,6 2797,2
1881,6 2797,2
1881,4 2797,2
1880,6 2797,2
1879,9 2797,2
1879,9 2797,2
1879,9 2797,2
1879,9 2797,2
1879,9 2797,2
1879,4 2797,2
1889,3 2797,2
1888,3 2797,2
1888,1 2797,2
1887,1 2797,2
1886,9 2797,2
1886,9 2797,2
1886,9 2797,2
1886,1 2797,2
1886,1 2797,2
1886,1 2797,2
1886,1 2797,2
1885,6 2797,2
1885,6 2797,2
1885,6 2797,2
1885,6 2797,2
1885,6 2797,2
1885,4 2797,2
1885,4 2797,2
1885,1 2797,2
1885,1 2797,2
1885,1 2797,2
1884,9 2797,2
1884,7 2797,2
1883,7 2797,2
1883,4 2797,2
1891,5 2797,2
1891,5 2797,2
1891,0 2797,2
1890,8 2797,2
1889,3 2797,2
1888,8 2797,2
1888,3 2797,2
1888,3 2797,2
1887,8 2797,2
1887,8 2797,2
1887,8 2797,2
1887,8 2797,2
1887,8 2797,2
1887,8 2797,2
1886,4 2797,2
1886,1 2797,2
1884,4 2797,2
1884,4 2797,2
1884,1 2797,2
1884,1 2797,2
1883,6 2797,2
1894,1 2797,2
1893,1 2797,2
1893,1 2797,2
1891,7 2797,2
1891,4 2797,2
1889,9 2797,2
1889,7 2797,2
1888,5 2797,2
1888,5 2797,2
1906,7 2797,2
1906,7 2797,2
1897,4 2797,2
1884,1 2797,2
1882,6 2797,2
1882,6 2797,2
1881,9 2797,2
1881,6 2797,2
1881,4 2797,2
1881,4 2797,2
1881,1 2797,2
1880,2 2797,2
1880,2 2797,2
1880,2 2797,2
1880,2 2797,2
1880,2 2797,2
1880,2 2797,2
1880,2 2797,2
1880,2 2797,2
1877,7 2797,2
1877,7 2797,2
1877,7 2797,2
1877,2 2797,2
1877,0 2797,2
1876,5 2797,2
1876,2 2797,2
1875,5 2797,2
1875,0 2797,2
1874,5 2797,2
1874,0 2797,2
1874,0 2797,2
1874,0 2797,2
1874,0 2797,2
1874,0 2797,2
1874,0 2797,2
1874,0 2797,2
1873,8 2797,2
1873,8 2797,2
1873,8 2797,2
1873,8 2797,2
1873,8 2797,2
1873,8 2797,2
1873,8 2797,2
1873,8 2797,2
1883,1 2797,2
1881,8 2797,2
1881,1 2797,2
1879,9 2797,2
1887,9 2797,2
1887,2 2797,2
1886,2 2797,2
1885,7 2797,2
1885,4 2797,2
1885,0 2797,2
1883,2 2797,2
1882,2 2797,2
1880,5 2797,2
1880,0 2797,2
1877,8 2797,2
1877,8 2797,2
1877,3 2797,2
1877,3 2797,2
1876,8 2797,2
1876,8 2797,2
1876,1 2797,2
1875,4 2797,2
1875,4 2797,2
1875,4 2797,2
1875,4 2797,2
1875,1 2797,2
1874,9 2797,2
1874,4 2797,2
1873,9 2797,2
1873,9 2797,2
1883,3 2797,2
1882,8 2797,2
1882,6 2797,2
1881,6 2797,2
1881,3 2797,2
1880,9 2797,2
1880,9 2797,2
1880,9 2797,2
1890,6 2797,2
1890,1 2797,2
1888,9 2797,5
1887,7 2797,7
1887,7 2797,7
1887,4 2797,7
1887,2 2797,7
1886,9 2797,7
1886,2 2797,7
1885,4 2797,7
1885,4 2797,7
1884,7 2797,7
1884,2 2797,7
1882,7 2797,7
1882,2 2797,7
1881,8 2797,7
1881,8 2797,7
1881,5 2797,7
1881,5 2797,7
1881,3 2797,7
1881,3 2797,7
1881,3 2797,7
1880,8 2797,7
1880,8 2797,7
1880,5 2797,7
1880,5 2797,7
1880,0 2797,7
1880,0 2797,7
1878,8 2797,7
1878,1 2797,7
1877,6 2797,7
1877,6 2797,7
1877,6 2797,7
1877,6 2797,7
1877,6 2797,7
1877,3 2797,7
1877,1 2797,7
1877,1 2797,7
1877,1 2797,7
1877,1 2797,7
1877,1 2797,7
1876,8 2797,7
1876,8 2797,7
1876,8 2797,7
1876,6 2797,7
1875,4 2797,7
1875,4 2797,7
1875,4 2797,7
1875,4 2797,7
1875,1 2797,7
1874,4 2797,7
1874,1 2797,7
1874,1 2797,7
1874,1 2797,7
1874,1 2797,7
1873,2 2797,7
1873,2 2797,7
1873,2 2797,7
1873,2 2797,7
1872,9 2797,7
1872,9 2797,7
1872,7 2797,7
1882,4 2797,7
1881,7 2797,7
1880,7 2797,7
1880,5 2797,7
1880,2 2797,7
1879,5 2797,7
1879,5 2797,7
1878,0 2797,7
1877,8 2797,7
1872,4 2797,7
1871,6 2797,7
1869,9 2797,7
1896,5 2797,7
1896,0 2797,7
1905,1 2797,7
1904,1 2797,7
1904,1 2797,7
1903,9 2797,7
1903,9 2797,7
1903,6 2797,7
1903,6 2797,7
1902,2 2797,7
1902,2 2797,7
1890,1 2797,7
1875,1 2798,2
1871,7 2798,5
1871,2 2798,5
1870,7 2798,5
1870,7 2798,5
1869,2 2798,5
1879,6 2798,5
1877,4 2798,5
1877,4 2798,5
1876,4 2798,5
1876,4 2798,5
1875,4 2798,5
1875,2 2798,5
1874,0 2798,5
1873,0 2798,5
1873,0 2798,5
1873,0 2798,5
1871,8 2798,5
1871,5 2798,5
1870,8 2798,5
1870,8 2798,5
1870,8 2798,5
1870,3 2798,5
1869,8 2798,5
1868,1 2798,5
1867,6 2798,5
1867,3 2798,5
1867,1 2798,5
1866,6 2798,5
1866,1 2798,5
1866,1 2798,5
1865,8 2798,5
1876,1 2798,5
1875,6 2798,5
1875,6 2798,5
1874,4 2798,5
1873,9 2798,5
1873,6 2798,5
1873,4 2798,5
1872,4 2798,5
1872,4 2798,5
1870,7 2798,5
1870,4 2798,5
1869,0 2798,5
1869,0 2798,5
1868,7 2798,5
1868,0 2798,5
1866,8 2798,5
1865,8 2798,5
1874,4 2798,5
1874,2 2798,5
1874,0 2798,5
1874,0 2798,5
1873,0 2798,5
1873,0 2798,5
1872,2 2798,5
1872,2 2798,5
1872,2 2798,5
1872,2 2798,5
1871,0 2798,5
1871,0 2798,5
1870,8 2798,5
1870,8 2798,5
1870,0 2798,5
1870,0 2798,5
1877,7 2798,5
1877,7 2798,5
1876,7 2798,5
1876,7 2798,5
1876,2 2798,5
1876,2 2798,5
1875,0 2798,5
1875,0 2798,5
1872,5 2798,5
1872,5 2798,5
1871,0 2798,5
1871,0 2798,5
1878,6 2798,5
1878,6 2798,5
1876,6 2798,5
1876,6 2798,5
1875,9 2798,5
1875,4 2798,5
1874,9 2798,5
1874,9 2798,5
1874,6 2798,5
1874,6 2798,5
1874,6 2798,5
1874,6 2798,5
1874,6 2798,5
1874,6 2798,5
1874,6 2798,5
1874,6 2798,5
1874,4 2798,5
1874,4 2798,5
1873,2 2798,5
1873,2 2798,5
1872,7 2798,5
1872,7 2798,5
1871,9 2798,5
1871,9 2798,5
1871,2 2798,5
1871,2 2798,5
1871,0 2798,5
1871,0 2798,5
1866,3 2798,5
1866,3 2798,5
1876,5 2798,5
1876,5 2798,5
1875,8 2798,5
1875,8 2798,5
1873,6 2798,5
1873,6 2798,5
1872,8 2798,5
1872,8 2798,5
1871,9 2798,5
1871,9 2798,5
1870,1 2798,5
1870,1 2798,5
1868,7 2798,5
1868,7 2798,5
1868,4 2798,5
1868,2 2798,5
1867,7 2798,5
1867,7 2798,5
1867,4 2798,5
1866,7 2798,5
1866,2 2798,5
1866,0 2798,5
1865,0 2798,5
1864,7 2798,5
1864,7 2798,5
1864,5 2798,5
1864,5 2798,5
1864,5 2798,5
1864,5 2798,5
1864,5 2798,5
1864,2 2798,5
1864,2 2798,5
1864,2 2798,5
1864,2 2798,5
1864,0 2798,5
1864,0 2798,5
1862,8 2798,5
1862,5 2798,5
1871,3 2798,5
1871,3 2798,5
1870,0 2798,5
1869,8 2798,5
1867,8 2798,5
1867,8 2798,5
1875,1 2798,5
1874,3 2798,5
1873,6 2798,5
1873,4 2798,5
1870,9 2798,5
1870,7 2798,5
1870,2 2798,5
1869,7 2798,5
1878,2 2798,5
1878,2 2798,5
1876,8 2798,5
1876,8 2798,5
1876,5 2798,5
1876,5 2798,5
1875,5 2798,5
1875,5 2798,5
1874,1 2798,5
1874,1 2798,5
1872,8 2798,5
1872,8 2798,5
1870,9 2798,5
1870,9 2798,5
1869,9 2798,5
1869,9 2798,5
1869,4 2798,5
1869,4 2798,5
1869,4 2798,5
1869,4 2798,5
1869,1 2798,5
1869,1 2798,5
1865,2 2798,5
1865,0 2798,5
1864,7 2798,5
1864,5 2798,5
1864,0 2798,5
1864,0 2798,5
1873,0 2798,5
1872,7 2798,5
1871,5 2798,5
1871,5 2798,5
1870,0 2798,5
1870,0 2798,5
1869,8 2798,5
1869,8 2798,5
1869,5 2798,5
1869,5 2798,5
1868,5 2798,5
1868,5 2798,5
1868,5 2798,5
1868,5 2798,5
1868,3 2798,5
1868,3 2798,5
1868,1 2798,5
1867,8 2798,5
1867,3 2798,5
1867,1 2798,5
1866,8 2798,5
1866,6 2798,5
1866,3 2798,5
1866,3 2798,5
1865,8 2798,5
1865,6 2798,5
1865,3 2798,5
1865,1 2798,5
1865,1 2798,5
1865,1 2798,5
1865,1 2798,5
1865,1 2798,5
1874,7 2798,5
1874,7 2798,5
1874,2 2798,5
1873,2 2798,5
1872,9 2798,5
1872,0 2798,5
1881,4 2798,5
1880,4 2798,5
1880,2 2798,5
1880,2 2798,5
1879,7 2798,5
1879,7 2798,5
1879,7 2798,5
1879,2 2798,5
1879,2 2798,5
1879,0 2798,5
1878,5 2798,5
1878,2 2798,5
1878,2 2798,5
1878,0 2798,5
1877,7 2798,5
1877,3 2798,5
1877,0 2798,5
1876,3 2798,5
1876,0 2798,5
1876,0 2798,5
1874,6 2798,5
1873,8 2798,5
1873,6 2798,5
1872,6 2798,5
1871,6 2798,5
1871,4 2798,5
1869,6 2798,5
1869,6 2798,5
1877,4 2798,5
1877,4 2798,5
1876,2 2798,5
1876,2 2798,5
1875,2 2798,5
1875,2 2798,5
1874,0 2798,5
1874,0 2798,5
1874,0 2798,5
1874,0 2798,5
1873,5 2798,5
1873,5 2798,5
1872,0 2798,5
1872,0 2798,5
1871,5 2798,5
1871,5 2798,5
1871,0 2798,5
1871,0 2798,5
1869,8 2798,5
1869,8 2798,5
1877,1 2798,5
1877,1 2798,5
1874,8 2798,5
1874,8 2798,5
1873,6 2798,5
1873,6 2798,5
1873,1 2798,5
1873,1 2798,5
1872,9 2798,5
1872,9 2798,5
1872,9 2798,5
1872,9 2798,5
1872,6 2798,5
1872,6 2798,5
1872,1 2798,5
1871,6 2798,5
1870,9 2798,5
1870,9 2798,5
1870,9 2798,5
1870,9 2798,5
1870,7 2798,5
1869,9 2798,5
1869,7 2798,5
1869,7 2798,5
1868,2 2798,5
1867,2 2798,5
1866,7 2798,5
1865,5 2798,5
1865,0 2798,5
1864,3 2798,5
1864,3 2798,5
1863,8 2798,5
1863,8 2798,5
1863,8 2798,5
1863,8 2798,5
1863,8 2798,5
1863,8 2798,5
1863,8 2798,5
1863,8 2798,5
1863,8 2798,5
1863,3 2798,5
1862,5 2798,5
1862,5 2798,5
1862,1 2798,5
1871,0 2798,5
1870,3 2798,5
1869,6 2798,5
1869,6 2798,5
1869,6 2798,5
1879,6 2798,5
1878,8 2798,5
1878,1 2798,5
1877,6 2798,5
1877,4 2798,5
1876,4 2798,5
1875,4 2798,5
1874,6 2798,5
1874,4 2798,5
1874,4 2798,5
1874,4 2798,5
1874,4 2798,5
1874,2 2798,5
1874,2 2798,5
1873,4 2798,5
1872,2 2798,5
1872,2 2798,5
1871,0 2798,5
1871,0 2798,5
1869,7 2798,5
1868,2 2798,5
1868,0 2798,5
1867,5 2798,5
1867,3 2798,5
1867,3 2798,5
1867,3 2798,5
1867,3 2798,5
1867,3 2798,5
1867,3 2798,5
1867,3 2798,5
1867,0 2798,5
1867,0 2798,5
1867,0 2798,5
1867,0 2798,5
1867,0 2798,5
1867,0 2798,5
1867,0 2798,5
1867,0 2798,5
1866,8 2798,5
1866,8 2798,5
1866,0 2798,5
1866,0 2798,5
1865,3 2798,5
1864,6 2798,5
1864,6 2798,5
1873,7 2798,5
1873,0 2798,5
1872,2 2798,5
1871,8 2798,5
1871,8 2798,5
1871,8 2798,5
1870,5 2798,5
1870,3 2798,5
1867,8 2798,5
1867,8 2798,5
1867,3 2798,5
1867,3 2798,5
1867,3 2798,5
1867,3 2798,5
1866,8 2798,5
1866,6 2798,5
1866,6 2798,5
1866,6 2798,5
1864,9 2798,5
1864,9 2798,5
1864,1 2798,5
1864,1 2798,5
1864,1 2798,5
1864,1 2798,5
1872,9 2798,5
1872,9 2798,5
1872,2 2798,5
1872,2 2798,5
1871,0 2798,5
1871,0 2798,5
1871,0 2798,5
1871,0 2798,5
1871,0 2798,5
1871,0 2798,5
1871,0 2798,5
1871,0 2798,5
1870,7 2798,5
1870,7 2798,5
1870,7 2798,5
1870,7 2798,5
1870,5 2798,5
1870,5 2798,5
1869,7 2798,5
1869,7 2798,5
1869,7 2798,5
1869,7 2798,5
1869,5 2798,5
1869,5 2798,5
1869,2 2798,5
1868,5 2798,5
1868,0 2798,5
1867,5 2798,5
1867,3 2798,5
1867,3 2798,5
1867,3 2798,5
1867,3 2798,5
1867,3 2798,5
1867,3 2798,5
1867,0 2798,5
1867,0 2798,5
1873,7 2798,5
1873,7 2798,5
1870,2 2798,5
1870,0 2798,5
1869,2 2798,5
1869,0 2798,5
1867,8 2798,5
1867,0 2798,5
1867,0 2798,5
1867,0 2798,5
1867,0 2798,5
1867,0 2798,5
1867,0 2798,5
1867,0 2798,5
1867,0 2798,5
1867,0 2798,5
1867,0 2798,5
1867,0 2798,5
1866,8 2798,5
1866,0 2798,5
1875,3 2798,5
1874,5 2798,5
1873,5 2798,5
1873,5 2798,5
1872,6 2798,5
1871,8 2798,5
1871,1 2798,5
1870,6 2798,5
1870,1 2798,5
1870,1 2798,5
1869,9 2798,5
1869,9 2798,5
1869,1 2798,5
1868,4 2798,5
1868,4 2798,5
1868,4 2798,5
1868,4 2798,5
1868,4 2798,5
1866,4 2798,5
1866,2 2798,5
1865,4 2798,5
1865,4 2798,5
1864,9 2798,5
1864,9 2798,5
1864,9 2798,5
1864,9 2798,5
1864,9 2798,5
1864,9 2798,5
1864,4 2798,5
1864,2 2798,5
1872,7 2798,5
1872,4 2798,5
1871,0 2798,5
1871,0 2798,5
1870,0 2798,5
1870,0 2798,5
1869,3 2798,5
1869,3 2798,5
1868,5 2798,5
1868,5 2798,5
1867,5 2798,5
1867,5 2798,5
1867,5 2798,5
1867,5 2798,5
1875,3 2798,5
1874,8 2798,5
1874,4 2798,5
1874,1 2798,5
1873,1 2798,5
1872,9 2798,5
1872,9 2798,5
1872,6 2798,5
1872,6 2798,5
1872,6 2798,5
1872,1 2798,5
1871,4 2798,5
1871,4 2798,5
1871,2 2798,5
1870,4 2798,5
1869,9 2798,5
1869,4 2798,5
1868,9 2798,5
1868,2 2798,5
1867,7 2798,5
1867,5 2798,5
1867,0 2798,5
1866,5 2798,5
1866,2 2798,5
1865,5 2798,5
1865,5 2798,5
1875,7 2798,5
1875,3 2798,5
1875,3 2798,5
1875,3 2798,5
1874,0 2798,5
1874,0 2798,5
1873,3 2798,5
1873,3 2798,5
1872,3 2798,5
1872,3 2798,5
1880,3 2798,5
1880,3 2798,5
1879,3 2798,5
1879,3 2798,5
1876,1 2798,5
1876,1 2798,5
1874,1 2798,5
1874,1 2798,5
1873,6 2798,5
1873,6 2798,5
1887,2 2798,5
1887,2 2798,5
1894,6 2798,5
1894,6 2798,5
1894,6 2798,5
1894,6 2798,5
1894,6 2798,5
1894,6 2798,5
1894,6 2798,5
1894,6 2798,5
1894,3 2798,5
1894,3 2798,5
1894,3 2798,5
1894,3 2798,5
1893,8 2798,5
1893,8 2798,5
1893,8 2798,5
1893,8 2798,5
1892,6 2798,5
1892,6 2798,5
1891,9 2798,5
1891,9 2798,5
1891,1 2798,5
1891,1 2798,5
1890,4 2798,5
1890,4 2798,5
1889,6 2798,5
1889,6 2798,5
1898,5 2798,5
1898,0 2798,5
1898,0 2798,5
1898,0 2798,5
1897,8 2798,5
1897,8 2798,5
1896,1 2798,5
1896,1 2798,5
1894,1 2798,5
1894,1 2798,5
1892,9 2798,5
1892,9 2798,5
1891,1 2798,5
1891,1 2798,5
1891,1 2798,5
1891,1 2798,5
1891,1 2798,5
1891,1 2798,5
1891,1 2798,5
1891,1 2798,5
1891,1 2798,5
1891,1 2798,5
1891,1 2798,5
1891,1 2798,5
1890,4 2798,5
1890,4 2798,5
1890,4 2798,5
1890,4 2798,5
1882,3 2798,5
1876,4 2798,5
1875,4 2798,5
1874,7 2798,5
1874,4 2798,7
1874,4 2799,2
1866,8 2799,2
1865,6 2799,2
1864,3 2799,2
1863,3 2799,2
1862,4 2799,2
1861,6 2799,2
1859,6 2799,2
1859,4 2799,2
1859,4 2799,2
1859,4 2799,2
1859,4 2799,2
1859,4 2799,2
1857,2 2799,2
1857,2 2799,2
1865,9 2799,2
1865,9 2799,2
1864,9 2799,2
1864,7 2799,2
1863,2 2799,2
1863,2 2799,2
1861,5 2799,2
1861,0 2799,2
1860,8 2799,2
1860,3 2799,2
1860,3 2799,2
1860,3 2799,2
1860,0 2799,2
1859,5 2799,2
1867,8 2799,2
1867,6 2799,2
1866,8 2799,2
1866,8 2799,2
1866,1 2799,2
1866,1 2799,2
1865,3 2799,2
1863,6 2799,2
1862,9 2799,2
1862,4 2799,2
1862,4 2799,2
1861,9 2799,2
1861,9 2799,2
1861,9 2799,2
1861,6 2799,2
1861,4 2799,2
1860,9 2799,2
1859,7 2799,2
1827,9 2799,2
1820,0 2799,2
1763,1 2799,2
1754,3 2799,2
1809,8 2799,2
1807,6 2799,2
1807,6 2799,2
1807,3 2799,2
1807,3 2799,2
1807,3 2799,2
1806,8 2799,2
1806,3 2799,2
1805,8 2799,2
1805,4 2799,2
1805,4 2799,2
1803,4 2799,2
1801,9 2799,2
1801,9 2799,2
1800,4 2799,2
1800,4 2799,2
1800,2 2799,2
1800,2 2799,2
1799,7 2799,2
1799,2 2799,2
1799,2 2799,2
1798,7 2799,2
1798,7 2799,2
1798,7 2799,2
1798,2 2799,2
1798,2 2799,2
1798,0 2799,2
1798,0 2799,2
1797,7 2799,2
1797,5 2799,2
1797,2 2799,2
1796,3 2799,2
1796,3 2799,2
1796,0 2799,2
1796,0 2799,2
1795,3 2799,2
1794,5 2799,2
1794,5 2799,2
1794,3 2799,2
1793,5 2799,2
1793,1 2799,2
1792,6 2799,2
1792,3 2799,2
1792,1 2799,2
1791,8 2799,2
1791,8 2799,2
1790,6 2799,2
1789,1 2799,2
1789,0 2799,2
1788,5 2799,2
1798,0 2799,2
1797,5 2799,2
1797,2 2799,2
1797,2 2799,2
1797,2 2799,2
1796,8 2799,2
1796,8 2799,2
1796,3 2799,2
1796,3 2799,2
1796,0 2799,2
1805,6 2799,2
1803,4 2799,2
1802,4 2799,2
1800,7 2799,2
1800,2 2799,2
1799,2 2799,2
1807,6 2799,2
1807,1 2799,2
1807,1 2799,2
1806,8 2799,2
1806,8 2799,2
1806,1 2799,2
1805,6 2799,2
1805,1 2799,2
1804,6 2799,2
1804,4 2799,2
1802,9 2799,2
1802,1 2799,2
1801,4 2799,2
1801,4 2799,2
1801,2 2799,2
1800,9 2799,2
1800,9 2799,2
1800,7 2799,2
1800,7 2799,2
1800,2 2799,2
1799,9 2799,2
1799,9 2799,2
1799,2 2799,2
1798,5 2799,2
1798,5 2799,2
1798,5 2799,2
1798,5 2799,2
1798,2 2799,2
1798,0 2799,2
1798,0 2799,2
1798,0 2799,2
1798,0 2799,2
1797,5 2799,2
1797,5 2799,2
1797,5 2799,2
1797,5 2799,2
1797,5 2799,2
1807,2 2799,2
1806,7 2799,2
1806,7 2799,2
1806,2 2799,2
1806,0 2799,2
1803,5 2799,2
1802,8 2799,2
1802,8 2799,2
1802,0 2799,2
1801,8 2799,2
1801,8 2799,2
1801,0 2799,2
1800,3 2799,2
1799,3 2799,2
1796,9 2799,2
1795,1 2799,2
1794,6 2799,2
1794,4 2799,2
1793,4 2799,2
1801,0 2799,2
1800,0 2799,2
1800,0 2799,2
1799,5 2799,2
1798,8 2799,2
1797,8 2799,2
1796,8 2799,2
1795,8 2799,2
1795,8 2799,2
1795,6 2799,2
1794,1 2799,2
1803,6 2799,2
1800,4 2799,2
1799,9 2799,2
1797,7 2799,2
1797,4 2799,2
1796,7 2799,2
1796,7 2799,2
1796,5 2799,2
1796,5 2799,2
1796,2 2799,2
1796,2 2799,2
1805,2 2799,2
1804,5 2799,2
1803,7 2799,2
1803,7 2799,2
1803,7 2799,2
1803,7 2799,2
1802,2 2799,2
1802,0 2799,2
1801,5 2799,2
1800,3 2799,2
1799,8 2799,2
1799,8 2799,2
1799,5 2799,2
1799,5 2799,2
1798,8 2799,2
1798,8 2799,2
1798,6 2799,2
1798,6 2799,2
1797,8 2799,2
1797,3 2799,2
1796,1 2799,2
1796,1 2799,2
1796,1 2799,2
1795,9 2799,2
1794,9 2799,2
1794,9 2799,2
1794,4 2799,2
1794,4 2799,2
1792,7 2799,2
1792,7 2799,2
1800,4 2799,2
1799,9 2799,2
1797,5 2799,2
1797,2 2799,2
1796,8 2799,2
1796,5 2799,2
1796,0 2799,2
1795,5 2799,2
1795,3 2799,2
1795,0 2799,2
1794,3 2799,2
1794,3 2799,2
1794,0 2799,2
1794,0 2799,2
1794,0 2799,2
1794,0 2799,2
1793,8 2799,2
1793,8 2799,2
1793,8 2799,2
1793,6 2799,2
1793,3 2799,2
1793,3 2799,2
1803,1 2799,2
1803,1 2799,2
1802,4 2799,2
1801,6 2799,2
1801,1 2799,2
1801,1 2799,2
1800,6 2799,2
1799,9 2799,2
1798,9 2799,2
1798,4 2799,2
1798,4 2799,2
1798,4 2799,2
1797,7 2799,2
1797,4 2799,2
1797,0 2799,2
1796,2 2799,2
1794,0 2799,2
1794,0 2799,2
1792,0 2799,2
1792,0 2799,2
1791,8 2799,2
1791,8 2799,2
1801,4 2799,2
1801,0 2799,2
1800,7 2799,2
1799,7 2799,2
1799,0 2799,2
1799,8 2799,2
1808,1 2799,2
1807,1 2799,2
1806,1 2799,2
1806,1 2799,2
1805,9 2799,2
1805,9 2799,2
1805,1 2799,2
1804,4 2799,2
1802,4 2799,2
1801,7 2799,2
1801,7 2799,2
1801,5 2799,2
1812,5 2799,2
1812,5 2799,2
1811,8 2799,5
1811,8 2799,5
1811,0 2799,5
1811,0 2799,5
1810,0 2799,5
1810,0 2799,5
1809,5 2799,5
1809,5 2799,5
1808,1 2799,5
1808,1 2799,5
1803,9 2799,5
1803,9 2799,5
1802,4 2799,5
1802,4 2799,5
1800,0 2799,5
1800,0 2799,5
1802,3 2799,7
1802,3 2799,7
1799,4 2799,7
1799,4 2799,7
1781,2 2799,7
1778,2 2799,7
1793,8 2799,7
1793,3 2799,7
1793,1 2799,7
1793,1 2799,7
1792,8 2799,7
1792,8 2799,7
1792,1 2799,7
1792,1 2799,7
1791,6 2799,7
1791,6 2799,7
1789,6 2799,7
1788,9 2799,7
1788,4 2799,7
1788,2 2799,7
1788,2 2799,7
1788,2 2799,7
1788,2 2799,7
1787,7 2799,7
1786,9 2799,7
1786,9 2799,7
1786,7 2799,7
1786,7 2799,7
1796,1 2799,7
1794,6 2799,7
1793,8 2799,7
1793,6 2799,7
1792,4 2799,7
1792,4 2799,7
1802,4 2799,7
1801,7 2799,7
1799,5 2799,7
1799,0 2799,7
1797,8 2800,0
1797,5 2800,0
1798,2 2800,0
1807,0 2800,0
1805,3 2800,2
1802,8 2800,2
1800,8 2800,2
1800,8 2800,2
1800,1 2800,2
1799,6 2800,2
1799,6 2800,2
1799,6 2800,2
1781,4 2800,2
1778,7 2800,2
1794,5 2800,2
1794,5 2800,2
1793,1 2800,2
1793,1 2800,2
1792,3 2800,2
1792,3 2800,2
1791,8 2800,2
1791,8 2800,2
1801,1 2800,2
1801,1 2800,2
1810,3 2800,2
1810,0 2800,2
1804,9 2800,2
1804,9 2800,2
1803,9 2800,2
1803,9 2800,2
1801,7 2800,2
1801,7 2800,2
1800,7 2800,2
1800,7 2800,2
1802,4 2800,2
1802,4 2800,2
1801,7 2800,2
1801,7 2800,2
1801,7 2800,2
1801,2 2800,2
1800,9 2800,2
1800,9 2800,2
1798,7 2800,2
1798,0 2800,2
1798,0 2800,2
1797,8 2800,2
1797,0 2800,2
1796,3 2800,2
1795,5 2800,2
1795,5 2800,2
1794,3 2800,2
1794,3 2800,2
1794,3 2800,2
1794,3 2800,2
1794,3 2800,2
1794,3 2800,2
1794,3 2800,2
1794,3 2800,2
1794,3 2800,2
1794,3 2800,2
1794,1 2800,2
1793,8 2800,2
1793,8 2800,2
1793,6 2800,2
1793,4 2800,2
1793,4 2800,2
1792,9 2800,2
1792,9 2800,2
1792,1 2800,2
1792,1 2800,2
1801,9 2800,2
1801,9 2800,2
1801,6 2800,2
1801,1 2800,2
1800,7 2800,2
1800,7 2800,2
1800,4 2800,2
1799,4 2800,2
1799,2 2800,2
1799,2 2800,2
1798,9 2800,2
1798,9 2800,2
1798,7 2800,2
1798,7 2800,2
1798,4 2800,2
1798,4 2800,2
1797,7 2800,2
1797,7 2800,2
1797,5 2800,2
1797,5 2800,2
1797,5 2800,2
1797,5 2800,2
1796,5 2800,2
1796,5 2800,2
1795,0 2800,2
1795,0 2800,2
1794,5 2800,2
1794,3 2800,2
1803,8 2800,2
1803,8 2800,2
1803,1 2800,2
1803,1 2800,2
1802,3 2800,2
1802,3 2800,2
1802,3 2800,2
1802,3 2800,2
1800,6 2800,2
1800,6 2800,2
1805,7 2800,2
1805,7 2800,2
1805,0 2800,2
1805,0 2800,2
1804,0 2800,2
1804,0 2800,2
1803,0 2800,2
1803,0 2800,2
1802,3 2800,2
1801,3 2800,2
1799,6 2800,2
1799,3 2800,2
1798,8 2800,2
1798,6 2800,2
1798,1 2800,2
1797,9 2800,2
1797,4 2800,2
1797,1 2800,2
1796,4 2800,2
1796,1 2800,2
1795,9 2800,2
1795,9 2800,2
1795,9 2800,2
1795,9 2800,2
1795,9 2800,2
1795,4 2800,2
1795,2 2800,2
1794,9 2800,2
1802,7 2800,2
1802,7 2800,2
1802,7 2800,2
1801,7 2800,2
1801,4 2800,2
1801,2 2800,2
1801,0 2800,2
1801,0 2800,2
1800,7 2800,2
1799,7 2800,2
1799,5 2800,2
1799,0 2800,2
1799,0 2800,2
1799,0 2800,2
1799,0 2800,2
1798,7 2800,2
1798,7 2800,2
1798,7 2800,2
1798,3 2800,2
1798,3 2800,2
1797,0 2800,2
1805,3 2800,2
1803,9 2800,2
1803,6 2800,2
1802,9 2800,2
1802,1 2800,2
1801,9 2800,2
1801,4 2800,2
1800,9 2800,2
1800,7 2800,2
1799,7 2800,2
1799,7 2800,2
1799,4 2800,2
1799,4 2800,2
1799,4 2800,2
1809,2 2800,2
1807,5 2800,2
1807,0 2800,2
1806,2 2800,2
1805,5 2800,2
1805,0 2800,2
1804,5 2800,2
1804,5 2800,2
1804,5 2800,2
1804,5 2800,2
1804,3 2800,2
1804,3 2800,2
1803,5 2800,2
1803,5 2800,2
1802,3 2800,2
1802,0 2800,2
1800,1 2800,2
1799,3 2800,2
1797,9 2800,2
1797,9 2800,2
1797,6 2800,2
1797,6 2800,2
1797,6 2800,2
1797,4 2800,2
1797,1 2800,2
1797,1 2800,2
1797,1 2800,2
1797,1 2800,2
1795,7 2800,2
1794,9 2800,2
1794,4 2800,2
1794,4 2800,2
1793,9 2800,2
1793,9 2800,2
1791,7 2800,2
1791,5 2800,2
1798,9 2800,2
1798,9 2800,2
1797,4 2800,2
1797,4 2800,2
1796,7 2800,2
1796,7 2800,2
1796,7 2800,2
1796,7 2800,2
1804,7 2800,2
1804,7 2800,2
1804,0 2800,2
1804,0 2800,2
1803,7 2800,2
1803,7 2800,2
1802,5 2800,2
1802,5 2800,2
1800,8 2800,2
1800,8 2800,2
1800,8 2800,2
1800,8 2800,2
1800,8 2800,2
1800,8 2800,2
1800,6 2800,2
1800,6 2800,2
1799,6 2800,2
1799,6 2800,2
1798,8 2800,2
1798,6 2800,2
1797,6 2800,2
1797,6 2800,2
1795,9 2800,2
1795,6 2800,2
1794,6 2800,2
1794,4 2800,2
1794,4 2800,2
1794,4 2800,2
1793,2 2800,2
1793,2 2800,2
1793,2 2800,2
1793,2 2800,2
1792,2 2800,2
1792,2 2800,2
1792,2 2800,2
1792,2 2800,2
1791,7 2800,2
1791,7 2800,2
1789,5 2800,2
1789,5 2800,2
1796,6 2800,2
1796,3 2800,2
1795,9 2800,2
1795,6 2800,2
1794,1 2800,2
1793,4 2800,2
1792,9 2800,2
1792,9 2800,2
1792,2 2800,2
1792,2 2800,2
1791,4 2800,2
1791,4 2800,2
1791,2 2800,2
1791,2 2800,2
1800,4 2800,2
1800,4 2800,2
1800,4 2800,2
1800,4 2800,2
1800,4 2800,2
1800,4 2800,2
1800,4 2800,2
1800,4 2800,2
1800,4 2800,2
1800,4 2800,2
1800,2 2800,2
1800,2 2800,2
1799,0 2800,2
1799,0 2800,2
1798,5 2800,2
1798,5 2800,2
1797,2 2800,2
1797,2 2800,2
1797,0 2800,2
1797,0 2800,2
1797,0 2800,2
1797,0 2800,2
1797,0 2800,2
1797,0 2800,2
1795,8 2800,2
1795,3 2800,2
1795,3 2800,2
1794,5 2800,2
1793,8 2800,2
1792,8 2800,2
1792,6 2800,2
1791,6 2800,2
1800,8 2800,2
1799,8 2800,2
1806,5 2800,2
1805,8 2800,2
1805,8 2800,2
1805,3 2800,2
1804,8 2800,2
1804,8 2800,2
1803,8 2800,2
1803,8 2800,2
1803,3 2800,2
1803,3 2800,2
1803,3 2800,2
1802,6 2800,2
1801,6 2800,2
1800,6 2800,2
1799,9 2800,2
1799,9 2800,2
1799,4 2800,2
1798,9 2800,2
1798,6 2800,2
1797,6 2800,2
1796,7 2800,2
1796,7 2800,2
1796,4 2800,2
1796,4 2800,2
1796,4 2800,2
1796,4 2800,2
1796,2 2800,2
1796,2 2800,2
1795,7 2800,2
1795,7 2800,2
1795,7 2800,2
1795,7 2800,2
1795,7 2800,2
1795,4 2800,2
1795,4 2800,2
1795,2 2800,2
1794,4 2800,2
1794,0 2800,2
1792,7 2800,2
1792,7 2800,2
1791,7 2800,2
1791,2 2800,2
1799,2 2800,2
1798,9 2800,2
1798,2 2800,2
1797,7 2800,2
1796,0 2800,2
1796,0 2800,2
1794,3 2800,2
1794,0 2800,2
1801,3 2800,2
1800,8 2800,2
1799,1 2800,2
1798,6 2800,2
1797,8 2800,2
1797,1 2800,2
1796,4 2800,2
1796,1 2800,2
1805,2 2800,2
1803,0 2800,2
1802,5 2800,2
1801,8 2800,2
1801,5 2800,2
1801,3 2800,2
1801,3 2800,2
1801,0 2800,2
1800,6 2800,2
1800,3 2800,2
1799,8 2800,2
1799,8 2800,2
1797,6 2800,2
1796,9 2800,2
1796,9 2800,2
1796,9 2800,2
1796,1 2800,2
1795,6 2800,2
1795,6 2800,2
1795,1 2800,2
1795,1 2800,2
1794,6 2800,2
1794,4 2800,2
1793,9 2800,2
1792,7 2800,2
1790,7 2800,2
1790,7 2800,2
1790,2 2800,2
1790,2 2800,2
1790,2 2800,2
1790,0 2800,2
1790,0 2800,2
1790,0 2800,2
1790,0 2800,2
1800,3 2800,2
1799,0 2800,2
1799,0 2800,2
1799,0 2800,2
1799,0 2800,2
1799,0 2800,2
1798,5 2800,2
1798,5 2800,2
1798,5 2800,2
1798,3 2800,2
1798,3 2800,2
1797,3 2800,2
1797,1 2800,2
1796,6 2800,2
1796,3 2800,2
1796,3 2800,2
1796,3 2800,2
1796,3 2800,2
1796,3 2800,2
1795,6 2800,2
1795,1 2800,2
1794,9 2800,2
1794,9 2800,2
1794,9 2800,2
1794,9 2800,2
1794,9 2800,2
1794,9 2800,2
1794,6 2800,2
1794,4 2800,2
1794,1 2800,2
1793,9 2800,2
1793,6 2800,2
1793,6 2800,2
1793,1 2800,2
1792,9 2800,2
1792,2 2800,2
1791,9 2800,2
1791,4 2800,2
1791,2 2800,2
1791,2 2800,2
1791,2 2800,2
1791,2 2800,2
1791,2 2800,2
1790,2 2800,2
1789,9 2800,2
1788,7 2800,2
1787,7 2800,2
1796,8 2800,2
1796,5 2800,2
1795,3 2800,2
1794,8 2800,2
1793,6 2800,2
1793,1 2800,2
1790,6 2800,2
1790,6 2800,2
1789,9 2800,2
1789,9 2800,2
1789,4 2800,2
1789,4 2800,2
1789,4 2800,2
1789,4 2800,2
1788,7 2800,2
1788,2 2800,2
1787,4 2800,2
1787,4 2800,2
1787,4 2800,2
1787,4 2800,2
1785,5 2800,2
1785,5 2800,2
1785,0 2800,2
1785,0 2800,2
1785,0 2800,2
1785,0 2800,2
1784,7 2800,2
1784,7 2800,2
1784,7 2800,2
1784,7 2800,2
1784,5 2800,2
1784,5 2800,2
1794,6 2800,2
1794,6 2800,2
1794,3 2800,2
1793,8 2800,2
1792,3 2800,2
1792,3 2800,2
1792,3 2800,2
1792,3 2800,2
1791,4 2800,2
1791,4 2800,2
1790,6 2800,2
1790,6 2800,2
1790,4 2800,2
1790,4 2800,2
1789,9 2800,2
1789,9 2800,2
1788,7 2800,2
1788,7 2800,2
1788,7 2800,2
1788,7 2800,2
1788,4 2800,2
1788,4 2800,2
1785,9 2800,2
1785,9 2800,2
1785,2 2800,2
1785,2 2800,2
1793,9 2800,2
1793,9 2800,2
1792,9 2800,2
1792,9 2800,2
1728,0 2800,2
1728,0 2800,2
1781,1 2800,2
1781,1 2800,2
1779,0 2800,2
1779,0 2800,2
1767,8 2803,0
1767,8 2803,0
1766,5 2803,0
1766,5 2803,0
1774,5 2803,0
1774,5 2803,0
1804,9 2805,2
1804,9 2805,2
1812,2 2806,0
1812,2 2806,0
1820,5 2806,0
1820,5 2806,0
1819,5 2806,0
1819,5 2806,0
1818,8 2806,0
1818,8 2806,0
1786,1 2806,2
1785,8 2806,2
1784,6 2806,2
1784,6 2806,2
1782,4 2806,2
1782,4 2806,2
1782,4 2806,2
1781,7 2806,2
1781,4 2806,2
1781,2 2806,2
1780,2 2806,2
1779,9 2806,2
1779,2 2806,2
1779,0 2806,2
1779,0 2806,2
1779,0 2806,2
1778,7 2806,2
1778,7 2806,2
1778,7 2806,2
1778,5 2806,2
1777,5 2806,2
1777,0 2806,2
1776,5 2806,2
1776,5 2806,2
1776,2 2806,2
1776,0 2806,2
1776,0 2806,2
1775,3 2806,2
1774,8 2806,2
1774,3 2806,2
1773,3 2806,2
1773,3 2806,2
1773,1 2806,2
1773,1 2806,2
1771,8 2806,2
1771,3 2806,2
1771,3 2806,2
1771,3 2806,2
1780,8 2806,2
1780,6 2806,2
1780,3 2806,2
1780,1 2806,2
1788,5 2806,2
1787,5 2806,2
1787,2 2806,2
1786,5 2806,2
1786,0 2806,5
1785,8 2806,5
1784,5 2806,5
1783,8 2806,5
1783,8 2806,5
1782,8 2806,5
1808,2 2806,5
1807,4 2806,5
1807,2 2806,5
1806,2 2806,5
1783,6 2806,5
1782,3 2806,5
1780,9 2806,5
1779,9 2806,5
1779,6 2806,5
1778,9 2806,5
1806,9 2806,5
1806,6 2806,5
1806,4 2806,5
1805,4 2806,5
1804,7 2806,5
1803,9 2806,5
1811,9 2806,5
1811,2 2806,5
1810,7 2806,5
1809,0 2806,5
1809,0 2806,5
1808,3 2807,2
1808,3 2807,2
1807,5 2807,2
1807,3 2807,2
1807,0 2807,2
1806,8 2807,2
1806,3 2807,2
1806,3 2807,2
1806,3 2807,2
1806,3 2807,2
1806,3 2807,2
1806,3 2807,2
1805,6 2807,2
1804,1 2807,2
1803,6 2807,2
1803,3 2807,2
1811,1 2807,2
1810,6 2807,2
1810,6 2807,2
1810,1 2807,2
1810,1 2807,2
1810,1 2807,2
1810,1 2807,2
1809,9 2807,2
1809,9 2807,2
1809,9 2807,2
1809,9 2807,2
1809,9 2807,2
1809,9 2807,2
1809,9 2807,2
1809,4 2807,2
1809,4 2807,2
1809,4 2807,2
1809,4 2807,2
1809,4 2807,2
1809,4 2807,2
1808,7 2807,2
1808,2 2807,2
1807,7 2807,2
1807,2 2807,2
1806,9 2807,2
1806,7 2807,2
1806,4 2807,2
1816,4 2807,2
1815,9 2807,2
1815,4 2807,2
1814,9 2807,2
1814,5 2807,2
1814,5 2807,2
1814,5 2807,2
1814,5 2807,2
1814,0 2807,2
1813,7 2807,2
1813,7 2807,2
1813,5 2807,2
                                          