TIME MEM VIRT RES SHR CPU FREE SWAP
0:00.15 0,2 12408 5504 3200 93,8 1113,0 3259,2
1111,0 3259,2
1111,0 3259,2
0:01.66 1,1 39072 32256 3200 100,0 1060,8 3259,2
1060,8 3259,2
1060,8 3259,2
1006,6 3259,2
1006,4 3259,2
0:03.23 2,0 65472 58368 3200 93,8 1007,1 3259,2
0:04.80 2,7 84876 77824 3200 86,7 978,1 3259,2
979,8 3259,2
977,8 3259,2
0:06.34 3,4 107448 100480 3200 100,0 934,0 3259,2
933,3 3259,2
933,5 3259,2
880,4 3259,2
0:07.85 4,3 133848 126848 3200 86,7 880,6 3259,2
877,7 3259,2
814,4 3259,2
0:09.38 5,4 166188 159104 3200 100,0 814,4 3259,2
814,2 3259,2
0:10.93 6,3 190608 183680 3200 100,0 764,2 3259,2
764,2 3259,2
763,7 3259,2
0:12.47 7,4 225060 218112 3200 100,0 697,0 3259,2
696,8 3259,2
696,8 3259,2
627,2 3259,2
0:14.08 8,6 260040 253056 3200 100,0 626,9 3259,2
627,2 3259,2
572,8 3259,2
571,5 3259,2
0:15.60 9,7 289740 282752 3200 87,5 573,0 3259,2
511,7 3259,2
0:17.17 10,7 319836 312832 3200 100,0 510,8 3259,2
510,3 3259,2
446,5 3259,2
0:18.73 11,8 353232 346240 3200 100,0 446,5 3259,2
446,5 3259,2
392,9 3259,2
0:20.27 12,8 380688 373632 3200 100,0 392,6 3259,2
391,9 3259,2
331,6 3259,2
331,1 3259,2
0:21.81 13,8 411312 404224 3200 100,0 330,9 3259,2
267,1 3259,2
265,7 3259,2
0:23.36 14,9 444312 437248 3200 93,8 265,2 3259,2
201,2 3259,2
199,2 3259,2
0:24.89 16,1 478236 471296 3200 100,0 199,0 3259,2
0:26.41 17,3 512820 505728 3200 100,0 130,1 3259,2
130,1 3259,2
129,8 3259,2
132,4 3258,5
132,4 3258,5
0:27.96 18,5 547800 540800 3200 100,0 132,2 3258,5
82,6 3258,5
82,1 3258,5
0:29.55 19,4 573804 566784 3200 100,0 82,1 3258,5
145,9 3237,4
0:31.10 20,4 605616 598528 3200 100,0 144,8 3237,4
144,8 3237,4
80,6 3237,4
78,4 3237,4
0:32.67 21,5 637692 630656 3200 100,0 78,4 3237,4
81,0 3226,0
0:34.18 22,7 671220 664192 3200 100,0 79,8 3226,0
79,8 3226,0
85,0 3216,5
0:35.69 23,8 703032 696064 3200 100,0 84,8 3216,5
84,1 3216,5
89,6 3180,3
89,6 3180,3
0:37.24 24,8 733788 726784 3200 100,0 89,3 3180,3
97,7 3138,0
97,4 3138,0
0:38.78 25,8 762960 755968 3200 93,8 97,7 3138,0
99,1 3132,2
99,1 3132,2
0:40.32 27,0 797148 790016 3200 100,0 99,1 3132,2
101,8 3122,7
0:41.87 28,1 830544 823552 3200 100,0 101,3 3122,7
101,3 3122,7
99,9 3106,8
0:43.40 29,3 864468 857472 3200 100,0 99,4 3106,8
99,4 3106,8
93,6 3094,0
0:44.91 30,4 897996 891008 3200 100,0 93,9 3094,0
93,9 3094,0
104,8 3080,4
0:46.45 31,5 929940 923008 3200 100,0 104,6 3080,4
104,1 3080,4
0:47.97 32,7 963732 956800 3200 100,0 105,7 3064,1
105,7 3064,1
105,7 3064,1
107,4 3043,2
0:49.49 33,8 996468 989440 3200 100,0 106,6 3043,2
106,6 3043,2
119,5 3008,3
119,5 3008,3
0:51.04 34,8 1026960 996,0m 3200 100,0 119,0 3008,3
103,0 2970,8
0:52.58 35,9 1058640 1,0g 3200 86,7 103,0 2970,8
107,3 2970,8
82,5 2970,8
0:54.14 36,5 1077384 1,0g 3200 100,0 81,5 2970,8
81,5 2970,8
77,4 2952,7
0:55.65 37,4 1101804 1,0g 3200 100,0 76,2 2952,7
75,2 2952,7
94,5 2893,9
0:57.17 38,3 1128732 1,1g 3200 100,0 92,3 2893,9
91,3 2893,9
78,7 2868,2
0:58.67 39,3 1157772 1,1g 3200 100,0 76,7 2868,2
75,7 2868,2
70,1 2826,5
1:00.19 40,2 1184700 1,1g 3200 93,8 78,7 2826,5
77,7 2826,5
118,9 2772,6
1:01.69 40,7 1208724 1,1g 3200 93,3 118,2 2772,6
119,6 2772,6
72,7 2757,3
1:03.22 41,5 1237104 1,2g 3200 100,0 74,5 2755,6
77,4 2755,3
93,8 2706,3
1:04.75 40,9 1252680 1,1g 3200 100,0 92,6 2706,3
92,1 2706,3
105,4 2652,2
1:06.27 40,9 1274328 1,1g 3200 94,1 105,9 2651,4
106,4 2650,9
72,2 2633,1
1:07.86 41,5 1301520 1,2g 3200 100,0 74,0 2631,8
74,8 2630,6
100,7 2579,8
1:09.42 40,9 1316568 1,1g 3200 100,0 99,5 2579,8
97,9 2579,8
88,5 2539,3
1:10.93 41,3 1341648 1,2g 3200 100,0 90,0 2535,0
91,9 2533,5
74,3 2513,9
1:12.48 41,4 1365540 1,2g 3200 93,8 69,8 2509,6
66,4 2507,6
103,1 2450,5
1:13.99 41,1 1381380 1,1g 3200 93,3 104,3 2450,3
106,3 2450,3
74,3 2426,4
1:15.51 41,6 1407516 1,2g 3200 100,0 74,9 2425,1
77,5 2418,6
81,4 2384,1
1:17.03 41,2 1424412 1,1g 3200 100,0 80,7 2384,1
72,8 2383,9
104,1 2322,0
1:18.54 41,0 1445136 1,1g 3200 93,8 105,9 2320,8
111,5 2318,2
71,8 2302,7
1:20.10 41,6 1472856 1,2g 3200 100,0 72,2 2298,6
78,4 2291,3
93,7 2251,9
1:21.69 41,0 1487640 1,1g 3200 100,0 91,2 2251,9
85,5 2251,9
75,3 2216,9
1:23.18 42,0 1517340 1,2g 3200 93,3 88,4 2216,9
78,9 2216,9
95,4 2158,8
1:24.72 42,7 1544400 1,2g 3200 100,0 99,5 2152,8
103,6 2146,0
87,0 2130,9
1:26.28 42,8 1567632 1,2g 3200 100,0 79,6 2130,9
72,7 2130,2
95,7 2082,1
1:27.78 42,7 1585716 1,2g 3200 93,3 98,0 2077,9
101,9 2066,8
68,6 2059,5
1:29.21 43,1 1609608 1,2g 3200 100,0 70,0 2051,5
74,3 2046,4
103,7 1999,9
1:30.73 42,4 1625316 1,2g 3200 100,0 93,6 1999,9
91,4 1999,9
89,6 1954,9
1:32.29 42,7 1651188 1,2g 3200 87,5 95,2 1944,6
97,2 1944,1
68,5 1925,5
73,4 1915,2
1:33.84 43,1 1678380 1,2g 3200 100,0 76,8 1913,9
102,9 1868,1
94,8 1868,1
1:35.38 42,6 1694484 1,2g 3200 100,0 94,1 1868,1
90,3 1823,6
93,8 1817,8
1:36.91 42,9 1718640 1,2g 3200 100,0 95,9 1815,1
72,6 1800,2
67,2 1795,7
1:38.40 43,2 1743456 1,2g 3200 100,0 70,4 1790,9
106,6 1736,4
103,8 1736,4
1:39.91 42,5 1759032 1,2g 3200 93,3 99,1 1736,4
83,3 1702,7
85,3 1699,4
1:41.42 43,0 1784244 1,2g 3200 93,3 87,3 1695,1
82,9 1670,0
78,4 1670,0
1:42.97 43,0 1805628 1,2g 3200 100,0 73,0 1668,5
103,4 1606,4
103,9 1604,6
1:44.51 42,7 1824108 1,2g 3200 100,0 108,6 1604,6
76,0 1581,2
78,4 1581,2
1:46.02 43,3 1851036 1,2g 3200 100,0 79,6 1581,2
112,8 1500,0
111,1 1500,0
1:47.53 42,6 1875324 1,2g 3200 86,7 106,2 1500,0
89,6 1465,9
88,6 1465,9
1:49.04 43,1 1905024 1,2g 3200 93,3 83,7 1465,9
113,7 1396,4
110,8 1396,4
1:50.55 43,1 1931556 1,2g 3200 100,0 107,8 1396,4
106,1 1333,9
110,1 1332,4
1:52.06 43,4 1960464 1,2g 3200 93,3 113,7 1332,4
71,5 1315,3
75,1 1310,0
1:53.63 44,0 1990032 1,2g 3200 100,0 82,5 1295,5
81,4 1268,4
77,4 1268,4
1:55.20 43,9 2018148 1,2g 3200 100,0 72,0 1265,4
91,2 1206,6
87,8 1206,6
1:56.70 43,8 2047320 1,2g 3200 100,0 82,8 1206,6
78,5 1170,2
75,8 1171,7
1:58.18 43,8 2071212 1,2g 3200 93,3 73,4 1172,5
96,6 1109,0
93,9 1109,0
1:59.62 43,6 2095104 1,2g 3200 100,0 90,0 1109,0
110,2 1043,5
106,8 1043,5
2:01.12 43,4 2122428 1,2g 3200 93,3 103,1 1043,5
88,6 1014,8
82,5 1014,8
2:02.65 43,8 2149884 1,2g 3200 100,0 81,7 1014,8
76,2 987,7
77,9 978,0
2:04.19 44,1 2168100 1,2g 3200 100,0 81,3 977,2
112,2 928,8
2:05.76 43,4 2181696 1,2g 3200 100,0 105,4 928,8
106,1 928,8
78,8 905,7
2:07.29 44,0 2208096 1,2g 3200 100,0 84,8 895,1
84,8 894,9
86,1 863,8
2:08.84 43,9 2229480 1,2g 3200 100,0 75,7 864,0
75,5 864,0
92,4 802,3
95,5 804,0
2:10.31 43,6 2246376 1,2g 3200 75,0 94,5 804,0
83,0 767,4
85,2 760,4
2:11.82 43,6 2268552 1,2g 3200 93,8 85,2 759,3
73,6 737,5
66,2 731,2
2:13.36 43,7 2291916 1,2g 3200 100,0 67,9 729,0
103,4 672,0
104,5 672,0
2:14.91 43,2 2308812 1,2g 3200 100,0 101,1 672,0
71,3 652,4
67,3 649,7
2:16.41 43,8 2336400 1,2g 3200 100,0 70,3 645,9
106,6 589,9
108,4 589,9
2:17.93 43,3 2351844 1,2g 3200 93,3 105,1 589,9
79,8 560,8
80,6 559,1
2:19.43 43,8 2378244 1,2g 3200 87,5 82,1 556,1
79,8 524,2
78,3 524,2
2:20.94 43,7 2398968 1,2g 3200 100,0 75,8 524,2
105,1 461,9
106,2 461,9
2:22.45 43,5 2417976 1,2g 3200 100,0 107,5 461,9
75,5 440,9
2:23.98 44,0 2444376 1,2g 3200 100,0 78,0 434,6
78,0 434,6
95,4 395,9
2:25.54 43,6 2461140 1,2g 3200 100,0 86,3 395,9
85,6 395,9
78,1 383,6
72,6 376,4
2:27.11 44,0 2475264 1,2g 3200 94,1 73,1 376,1
88,7 337,2
84,9 337,2
2:28.75 43,3 2487804 1,2g 3200 100,0 79,0 337,2
91,3 296,5
95,3 286,2
2:30.21 43,3 2505360 1,2g 3200 100,0 97,1 284,0
75,7 270,7
78,1 254,4
2:31.73 43,7 2529780 1,2g 3200 93,8 80,7 252,9
109,3 204,7
93,8 204,7
2:33.25 43,1 2549580 1,2g 3200 100,0 92,6 204,7
84,8 170,8
90,0 157,0
2:34.76 43,3 2573604 1,2g 3200 100,0 91,0 156,5
86,5 138,4
77,0 129,6
2:36.30 43,5 2594064 1,2g 3200 100,0 76,5 128,9
105,9 79,2
111,5 72,4
2:37.85 43,0 2609772 1,2g 3200 100,0 111,1 72,4
66,4 63,6
77,7 49,6
2:39.39 43,7 2636172 1,2g 3200 100,0 78,1 47,6
105,3 8,1
92,0 8,1
2:40.94 43,2 2652276 1,2g 3200 100,0 89,5 8,1
76,8 0,0
76,4 0,0
2:42.45 43,8 2674980 1,2g 3200 100,0 76,7 0,0
58,1 0,0
2:44.16 44,4 2693856 1,2g 256 29,6 57,1 0,0
59,1 0,1
1281,7 1345,0
2:51.19 44,6 2701116 1,2g 512 25,9 1281,7 1345,0
1264,2 1347,5
1232,5 1357,5
1232,0 1357,5
1227,5 1357,5
1206,6 1357,5
1206,4 1357,5
1203,9 1357,5
1185,0 1360,7
1185,2 1360,7
1177,3 1363,0
1155,9 1365,0
1155,9 1365,0
1149,0 1365,0
1126,2 1365,0
1126,2 1365,0
1121,7 1365,0
1102,3 1365,0
1102,3 1365,0
1096,1 1365,0
1076,7 1366,5
1076,7 1366,5
1072,0 1366,5
1053,6 1366,5
1053,3 1366,5
1049,6 1366,5
1015,9 1383,0
1015,7 1383,0
1013,0 1383,0
988,8 1383,7
988,8 1383,7
986,1 1383,7
962,8 1384,7
962,8 1384,7
956,4 1384,7
936,2 1384,7
935,7 1384,7
933,2 1385,2
913,3 1385,7
912,8 1385,7
909,6 1385,7
890,9 1385,7
890,2 1385,7
886,2 1385,7
860,6 1385,7
859,6 1385,7
855,7 1385,7
830,9 1385,7
829,1 1385,7
826,2 1385,7
814,1 1385,7
810,1 1385,7
807,2 1385,7
2475,9 2727,7
2474,7 2727,7
2473,0 2727,7
2472,0 2727,7
2472,0 2727,7
2472,0 2727,7
2471,5 2727,7
2470,3 2727,7
2470,0 2727,7
2470,0 2727,7
2470,0 2727,7
2470,0 2727,7
2470,0 2727,7
2470,0 2727,7
2470,0 2727,7
2470,0 2727,7
2470,0 2727,7
2470,0 2727,7
2470,0 2727,7
2469,1 2727,7
2469,1 2727,7
2469,1 2727,7
2469,1 2727,7
2468,8 2727,7
2468,8 2727,7
2468,6 2727,7
2468,6 2727,7
2468,1 2727,7
2468,1 2727,7
2468,1 2727,7
2468,1 2727,7
2466,6 2727,7
2466,6 2727,7
2465,9 2727,7
2465,9 2727,7
2465,9 2727,7
2465,6 2727,7
2465,6 2727,7
2465,6 2727,7
2464,6 2727,7
2464,1 2727,7
2464,1 2727,7
2463,9 2727,7
2463,9 2727,7
2463,9 2727,7
2463,6 2727,7
2463,4 2727,7
2463,4 2727,7
2463,2 2727,7
2462,7 2727,7
2462,7 2727,7
2461,9 2727,7
2461,2 2727,7
2461,2 2727,7
2461,2 2727,7
2461,2 2727,7
2461,2 2727,7
2461,2 2727,7
2460,5 2727,7
2460,5 2727,7
2460,5 2727,7
2459,2 2727,7
2459,2 2727,7
2459,2 2727,7
2459,2 2727,7
2459,2 2727,7
2459,2 2727,7
2458,5 2727,7
2458,5 2727,7
2457,5 2727,7
2457,0 2727,7
2457,0 2727,7
2466,7 2727,7
2465,8 2727,7
2465,8 2727,7
2465,5 2727,7
2464,8 2727,7
2464,0 2727,7
2463,3 2727,7
2463,0 2727,7
2463,0 2727,7
2471,5 2727,7
2470,0 2727,7
2470,0 2727,7
2470,0 2727,7
2469,5 2727,7
2469,5 2727,7
2468,8 2727,7
2468,8 2727,7
2468,3 2727,7
2467,6 2727,7
2467,3 2727,7
2467,3 2727,7
2467,1 2727,7
2467,1 2727,7
2467,1 2727,7
2466,1 2727,7
2465,8 2727,7
2465,8 2727,7
2465,1 2727,7
2464,8 2727,7
2463,9 2727,7
2463,1 2727,7
2463,1 2727,7
2462,4 2727,7
2462,1 2727,7
2462,1 2727,7
2462,1 2727,7
2461,2 2727,7
2461,2 2727,7
2461,2 2727,7
2460,7 2727,7
2460,7 2727,7
2460,7 2727,7
2460,7 2727,7
2460,7 2727,7
2460,7 2727,7
2460,7 2727,7
2460,7 2727,7
2460,7 2727,7
2460,4 2727,7
2460,4 2727,7
2460,4 2727,7
2459,9 2727,7
2459,4 2727,7
2459,4 2727,7
2458,9 2727,7
2458,9 2727,7
2458,9 2727,7
2457,5 2727,7
2456,5 2727,7
2456,5 2727,7
2456,0 2728,0
2454,8 2728,2
2454,8 2728,2
2452,3 2728,2
2451,6 2728,2
2451,3 2728,2
2450,4 2728,2
2450,1 2728,2
2450,1 2728,2
2450,1 2728,2
2450,1 2728,2
2450,1 2728,2
2449,4 2728,2
2449,4 2728,2
2449,4 2728,2
2449,4 2728,2
2448,9 2728,2
2448,6 2728,2
2448,1 2728,2
2447,7 2728,2
2447,4 2728,2
2446,4 2728,2
2445,2 2728,2
2445,2 2728,2
2443,0 2728,2
2443,0 2728,2
2442,7 2728,2
2450,6 2728,2
2450,3 2728,2
2450,3 2728,2
2450,1 2728,2
2450,1 2728,2
2449,8 2728,2
2449,3 2728,2
2449,3 2728,2
2449,3 2728,2
2447,1 2728,2
2447,1 2728,2
2446,9 2728,2
2445,9 2728,2
2445,9 2728,2
2445,9 2728,2
2444,7 2728,2
2444,7 2728,2
2444,7 2728,2
2444,4 2728,2
2444,4 2728,2
2444,4 2728,2
2442,9 2728,2
2442,9 2728,2
2442,2 2728,2
2442,2 2728,2
2442,2 2728,2
2442,2 2728,2
2442,2 2728,2
2442,2 2728,2
2442,2 2728,2
2441,2 2728,2
2441,2 2728,2
2441,2 2728,2
2450,2 2728,5
2450,2 2728,5
2450,2 2728,5
2449,7 2728,5
2449,7 2728,5
2449,2 2728,5
2448,7 2728,5
2448,7 2728,5
2448,7 2728,5
2448,7 2728,5
2448,7 2728,5
2448,7 2728,5
2448,2 2728,5
2448,2 2728,5
2448,2 2728,5
2446,8 2728,5
2446,8 2728,5
2446,3 2728,5
2445,5 2728,5
2445,5 2728,5
2445,5 2728,5
2444,8 2728,5
2444,8 2728,5
2444,3 2728,5
2442,3 2728,7
2442,3 2728,7
2441,6 2728,7
2440,1 2728,7
2440,1 2728,7
2440,1 2728,7
2439,6 2728,7
2439,6 2728,7
2439,6 2728,7
2439,4 2728,7
2439,4 2728,7
2439,4 2728,7
2446,5 2728,7
2446,5 2728,7
2446,0 2728,7
2445,0 2729,2
2445,0 2729,2
2445,0 2729,2
2445,0 2729,2
2445,0 2729,2
2445,0 2729,2
2444,0 2729,2
2444,0 2729,2
2444,0 2729,2
2443,5 2729,2
2443,5 2729,2
2443,0 2729,2
2442,5 2729,2
2442,5 2729,2
2442,5 2729,2
2442,1 2729,2
2442,1 2729,2
2441,8 2729,2
2441,1 2729,2
2441,1 2729,2
2441,1 2729,2
2440,1 2729,2
2440,1 2729,2
2440,1 2729,2
2439,1 2729,2
2439,1 2729,2
2439,1 2729,2
2437,9 2729,2
2437,9 2729,2
2437,4 2729,2
2437,4 2729,2
2437,4 2729,2
2437,4 2729,2
2437,4 2729,2
2437,4 2729,2
2437,4 2729,2
2437,4 2729,2
2437,4 2729,2
2437,4 2729,2
2437,1 2729,2
2437,1 2729,2
2437,1 2729,2
2436,6 2729,2
2436,6 2729,2
2436,6 2729,2
2436,6 2729,2
2436,6 2729,2
2436,6 2729,2
2436,6 2729,2
2436,6 2729,2
2436,6 2729,2
2436,6 2729,2
2436,6 2729,2
2436,6 2729,2
2436,2 2729,2
2436,2 2729,2
2436,2 2729,2
2436,2 2729,2
2436,2 2729,2
2436,2 2729,2
2444,3 2729,2
2443,8 2729,2
2453,4 2729,2
2452,2 2729,2
2451,5 2729,2
2451,2 2729,2
2449,8 2729,2
2448,3 2729,2
2448,3 2729,2
2448,0 2729,2
2448,0 2729,2
2447,8 2729,2
2447,5 2729,2
2446,6 2729,2
2446,1 2729,2
2454,8 2729,2
2453,9 2729,2
2453,9 2729,2
2451,6 2729,2
2450,2 2729,2
2449,2 2729,2
2449,2 2729,2
2449,2 2729,2
2449,2 2729,2
2449,2 2729,2
2449,2 2729,2
2449,2 2729,2
2449,2 2729,2
2449,2 2729,2
2449,2 2729,2
2448,7 2729,2
2448,7 2729,2
2448,7 2729,2
2448,2 2729,2
2447,9 2729,2
2447,9 2729,2
2447,7 2729,2
2447,0 2729,2
2446,7 2729,5
2446,5 2729,5
2446,2 2729,5
2446,2 2729,5
2446,2 2729,5
2445,5 2729,5
2445,5 2729,5
2445,2 2729,5
2444,7 2729,5
2444,5 2729,5
2443,8 2729,5
2443,0 2729,5
2442,8 2729,5
2442,3 2729,5
2441,8 2729,5
2441,8 2729,5
2441,8 2729,5
2441,8 2729,5
2441,8 2729,5
2441,6 2729,5
2441,3 2729,5
2441,1 2729,5
2450,5 2729,5
2450,0 2729,5
2449,5 2729,5
2449,2 2729,5
2448,7 2729,5
2448,7 2729,5
2448,7 2729,5
2448,5 2729,5
2448,5 2729,5
2457,4 2729,5
2455,4 2729,5
2455,4 2729,5
2455,2 2729,5
2454,4 2729,5
2454,4 2729,5
2454,2 2729,5
2452,9 2729,5
2452,2 2729,5
2451,2 2729,5
2450,7 2729,5
2450,5 2729,5
2450,2 2729,5
2449,2 2729,5
2449,2 2729,5
2448,0 2729,5
2446,5 2729,5
2446,5 2729,5
2443,6 2729,5
2442,9 2729,5
2442,9 2729,5
2441,9 2729,5
2441,4 2729,5
2441,4 2729,5
2441,1 2729,5
2440,4 2729,5
2440,1 2729,5
2440,1 2729,5
2440,1 2729,5
2440,1 2729,5
2440,1 2729,5
2450,6 2729,5
2449,9 2729,5
2449,9 2729,5
2449,6 2729,5
2449,6 2729,5
2448,7 2729,5
2448,4 2729,5
2447,9 2729,5
2447,2 2729,5
2447,2 2729,5
2446,7 2729,5
2446,2 2729,5
2446,2 2729,5
2446,2 2729,5
2446,0 2729,5
2445,7 2729,5
2445,5 2729,5
2445,5 2729,5
2445,5 2729,5
2445,5 2729,5
2445,5 2729,5
2445,5 2729,5
2445,5 2729,5
2445,5 2729,5
2445,5 2729,5
2445,5 2729,5
2445,5 2729,5
2445,5 2729,5
2445,5 2729,5
2445,5 2729,5
2445,5 2729,5
2445,5 2729,5
2445,5 2729,5
2445,5 2729,5
2445,5 2729,5
2445,5 2729,5
2445,5 2729,5
2445,5 2729,5
2445,5 2729,5
2445,5 2729,5
2445,5 2729,5
2445,5 2729,5
2445,0 2729,5
2445,0 2729,5
2444,5 2729,5
2444,5 2729,5
2444,2 2729,5
2444,2 2729,5
2444,2 2729,5
2444,0 2729,5
2442,5 2729,5
2442,0 2729,5
2451,7 2729,5
2450,0 2729,5
2450,0 2729,5
2447,8 2729,5
2446,1 2729,5
2446,1 2729,5
2445,8 2729,5
2445,8 2729,5
2445,6 2729,5
2444,8 2729,5
2443,6 2729,5
2442,9 2729,5
2442,6 2729,5
2442,6 2729,5
2442,6 2729,5
2442,6 2729,5
2442,1 2729,5
2442,1 2729,5
2442,1 2729,5
2441,4 2729,5
2441,4 2729,5
2441,4 2729,5
2441,4 2729,5
2441,4 2729,5
2441,4 2729,5
2441,4 2729,5
2441,4 2729,5
2441,4 2729,5
2440,9 2729,5
2440,9 2729,5
2440,9 2729,5
2440,7 2729,5
2440,7 2729,5
2440,2 2729,5
2439,4 2729,5
2439,4 2729,5
2439,2 2729,5
2439,2 2729,5
2438,9 2729,5
2438,7 2729,5
2438,5 2729,5
2438,2 2729,5
2438,2 2729,5
2437,0 2729,5
2437,0 2729,5
2447,0 2729,5
2442,9 2729,5
2442,9 2729,5
2442,4 2729,5
2439,9 2729,5
2423,2 2729,5
2431,5 2729,5
2431,0 2729,5
2430,8 2729,5
2430,3 2729,5
2430,1 2729,5
2429,8 2729,5
2429,8 2729,5
2429,8 2729,5
2429,8 2729,5
2429,8 2729,5
2429,3 2729,5
2429,3 2729,5
2429,1 2729,5
2423,6 2737,2
2422,9 2737,2
2422,6 2737,2
2423,5 2737,2
2423,1 2737,2
2422,3 2737,2
2421,3 2737,2
2420,6 2737,2
2430,9 2737,2
2429,2 2737,2
2428,7 2737,2
2428,7 2737,2
2437,4 2737,2
2436,0 2737,2
2435,5 2737,2
2435,0 2737,2
2434,7 2737,2
2434,7 2737,2
2434,0 2737,2
2433,8 2737,2
2433,3 2737,2
2432,3 2737,2
2431,1 2737,2
2430,8 2737,2
2430,6 2737,2
2429,6 2737,2
2429,3 2737,2
2429,3 2737,2
2429,3 2737,2
2429,3 2737,2
2429,3 2737,2
2429,3 2737,2
2429,3 2737,2
2429,3 2737,2
2429,3 2737,2
2429,3 2737,2
2429,3 2737,2
2429,3 2737,2
2429,1 2737,2
2429,1 2737,2
2429,1 2737,2
2429,1 2737,2
2429,1 2737,2
2428,8 2737,2
2428,6 2737,2
2428,3 2737,2
2428,3 2737,2
2428,3 2737,2
2428,3 2737,2
2428,3 2737,2
2428,1 2737,2
2428,1 2737,2
2428,1 2737,2
2427,6 2737,2
2427,6 2737,2
2426,9 2737,2
2425,9 2737,2
2425,1 2737,2
2425,1 2737,2
2424,9 2737,2
2424,9 2737,2
2424,2 2737,2
2422,9 2737,2
2422,9 2737,2
2422,7 2737,2
2422,4 2737,2
2422,4 2737,2
2421,9 2737,2
2431,7 2737,2
2430,7 2737,2
2430,5 2737,2
2429,5 2737,2
2428,0 2737,2
2428,0 2737,2
2428,0 2737,2
2428,0 2737,2
2427,0 2737,2
2427,0 2737,2
2426,5 2737,2
2426,5 2737,2
2426,5 2737,2
2426,5 2737,2
2426,0 2737,2
2425,8 2737,2
2425,1 2737,2
2425,1 2737,2
2425,1 2737,2
2424,8 2737,2
2424,6 2737,2
2424,3 2737,2
2424,1 2737,2
2423,6 2737,2
2423,6 2737,2
2423,3 2737,2
2423,3 2737,2
2422,4 2737,5
2422,1 2737,5
2422,1 2737,5
2422,1 2737,5
2431,8 2737,5
2431,8 2737,5
2431,8 2737,5
2431,8 2737,5
2431,8 2737,5
2431,8 2737,5
2431,8 2737,5
2431,8 2737,5
2431,3 2737,5
2430,8 2737,5
2430,4 2737,5
2429,9 2737,5
2429,4 2737,5
2429,4 2737,5
2429,1 2737,5
2428,9 2737,5
2428,9 2737,5
2428,6 2737,5
2427,9 2737,5
2427,9 2737,5
2426,7 2737,5
2425,7 2737,5
2425,7 2737,5
2425,7 2737,5
2425,7 2737,5
2425,7 2737,5
2425,7 2737,5
2425,7 2737,5
2425,7 2737,5
2425,7 2737,5
2425,4 2737,5
2424,7 2737,5
2424,5 2737,5
2424,5 2737,5
2424,5 2737,5
2424,5 2737,5
2424,0 2737,5
2424,0 2737,5
2424,0 2737,5
2423,7 2737,5
2423,7 2737,5
2423,2 2737,5
2422,5 2737,5
2422,5 2737,5
2422,5 2737,5
2422,5 2737,5
2422,5 2737,5
2422,2 2737,5
2422,0 2737,5
2422,0 2737,5
2421,3 2737,5
2421,3 2737,5
2421,3 2737,5
2421,3 2737,5
2421,3 2737,5
2420,8 2737,5
2419,3 2737,5
2419,3 2737,5
2419,3 2737,5
2419,0 2737,5
2418,8 2737,5
2418,8 2737,5
2418,1 2737,5
2417,6 2737,5
2417,6 2737,5
2416,3 2737,5
2415,6 2737,5
2415,6 2737,5
2415,6 2737,5
2425,6 2737,5
2425,6 2737,7
2423,4 2738,0
2421,4 2738,0
2421,2 2738,0
2421,2 2738,0
2420,7 2738,0
2420,7 2738,0
2420,4 2738,0
2420,2 2738,0
2420,2 2738,0
2420,2 2738,0
2419,4 2738,0
2418,7 2738,0
2418,2 2738,0
2418,0 2738,0
2418,0 2738,0
2416,0 2738,0
2415,7 2738,0
2415,7 2738,0
2424,6 2738,0
2424,3 2738,0
2424,3 2738,0
2423,8 2738,0
2422,8 2738,0
2422,8 2738,0
2422,6 2738,0
2422,6 2738,0
2422,6 2738,0
2421,6 2738,0
2421,1 2738,0
2421,1 2738,0
2419,9 2738,0
2419,6 2738,0
2419,6 2738,0
2419,1 2738,0
2419,1 2738,0
2418,6 2738,0
2418,2 2738,0
2418,2 2738,0
2418,2 2738,0
2417,2 2738,0
2416,7 2738,0
2416,7 2738,0
2416,2 2738,0
2415,7 2738,0
2415,7 2738,0
2415,2 2738,0
2415,2 2738,0
2415,2 2738,0
2415,2 2738,0
2415,2 2738,0
2415,2 2738,0
2415,0 2738,0
2414,7 2738,0
2414,5 2738,0
2413,7 2738,0
2413,7 2738,0
2411,6 2738,0
2411,1 2738,0
2411,1 2738,0
2411,1 2738,0
2411,1 2738,0
2410,3 2738,0
2410,3 2738,0
2410,3 2738,0
2410,3 2738,0
2410,3 2738,0
2410,3 2738,0
2410,3 2738,0
2410,3 2738,0
2410,1 2738,0
2409,3 2738,0
2409,1 2738,0
2408,4 2738,0
2408,4 2738,0
2408,4 2738,0
2408,4 2738,0
2407,9 2738,0
2407,9 2738,0
2406,9 2738,0
2406,6 2738,0
2406,6 2738,0
2406,4 2738,0
2406,1 2738,0
2406,1 2738,0
2405,4 2738,0
2405,4 2738,0
2404,9 2738,0
2404,9 2738,0
2404,9 2738,0
2404,9 2738,0
2404,9 2738,0
2404,9 2738,0
2404,9 2738,0
2404,7 2738,0
2404,7 2738,0
2414,7 2738,0
2413,0 2738,0
2413,0 2738,0
2412,3 2738,0
2410,5 2738,0
2410,5 2738,0
2410,5 2738,0
2420,3 2738,0
2420,3 2738,0
2419,6 2738,0
2417,3 2738,0
2416,9 2738,0
2415,9 2738,0
2414,2 2738,7
2413,9 2740,5
2407,0 2742,7
2405,3 2743,2
2402,8 2752,5
2395,1 2757,2
2376,6 2765,5
2375,6 2765,5
2374,4 2766,0
2373,2 2766,0
2372,7 2766,0
2372,2 2766,0
2370,2 2766,7
2369,0 2766,7
2366,0 2768,5
2365,3 2768,5
2365,1 2768,5
2364,3 2768,5
2363,6 2768,5
2363,3 2768,5
2362,3 2768,7
2360,6 2769,0
2360,4 2769,0
2359,9 2769,0
2359,9 2769,0
2359,6 2769,0
2359,4 2769,0
2359,4 2769,0
2359,4 2769,0
2358,9 2769,0
2358,7 2769,0
2358,7 2769,0
2358,2 2769,0
2357,7 2769,0
2357,2 2769,0
2356,0 2769,5
2335,8 2769,7
2333,8 2769,7
2313,9 2771,2
2310,7 2771,2
2310,2 2771,2
2309,2 2771,2
2308,7 2771,2
2308,5 2771,2
2308,0 2771,2
2308,0 2771,2
2308,0 2771,2
2301,1 2772,7
2245,5 2773,7
2243,5 2773,7
2183,2 2774,0
2149,7 2774,2
2146,8 2774,2
2127,1 2774,7
2058,2 2776,5
2042,2 2776,5
2004,8 2776,5
1968,4 2777,0
1964,5 2777,5
1957,8 2777,5
1948,0 2777,7
1947,2 2777,7
1946,2 2777,7
1945,5 2778,0
1944,5 2778,0
1942,6 2778,0
2065,0 2778,2
2064,8 2778,2
2063,6 2778,2
2063,3 2778,2
2062,1 2778,2
2061,8 2778,2
2061,8 2778,2
2061,4 2778,2
2061,4 2778,2
2061,4 2778,2
2061,4 2778,2
2061,4 2778,2
2061,4 2778,2
2061,1 2778,2
2061,1 2778,2
2061,1 2778,2
2061,1 2778,2
2061,1 2778,2
2060,9 2778,2
2060,9 2778,2
2060,9 2778,2
2060,9 2778,2
2060,9 2778,2
2060,9 2778,2
2060,9 2778,2
2060,1 2778,2
2060,1 2778,2
2060,1 2778,2
2060,1 2778,2
2059,6 2778,2
2059,6 2778,2
2059,4 2778,2
2059,4 2778,2
2059,4 2778,2
2059,4 2778,2
2059,1 2778,2
2058,7 2778,2
2058,4 2778,2
2058,2 2778,2
2058,2 2778,2
2058,2 2778,2
2058,2 2778,2
2058,2 2778,2
2057,7 2778,2
2057,7 2778,2
2057,4 2778,2
2056,4 2778,2
2056,2 2778,2
2056,2 2778,2
2056,0 2778,2
2055,7 2778,2
2055,7 2778,2
2055,2 2778,2
2054,2 2778,2
2054,2 2778,2
2053,2 2778,2
2053,2 2778,2
2053,2 2778,2
2053,0 2778,2
2053,0 2778,2
2052,8 2778,2
2051,8 2778,2
2051,8 2778,2
2051,8 2778,2
2051,5 2778,2
2051,3 2778,2
2060,9 2778,2
2059,6 2778,2
2069,2 2778,2
2068,7 2778,2
2067,5 2778,2
2066,7 2778,2
2063,0 2778,2
2062,3 2778,2
2062,3 2778,2
2062,0 2778,2
2061,3 2778,2
2060,1 2778,2
2059,3 2778,2
2059,3 2778,2
2059,3 2778,2
2059,3 2778,2
2059,3 2778,2
2059,3 2778,2
2059,1 2778,2
2059,1 2778,2
2058,4 2778,2
2058,1 2778,2
2058,1 2778,2
2057,6 2778,2
2065,5 2778,2
2065,5 2778,2
2065,2 2778,2
2065,0 2778,2
2065,0 2778,2
2064,5 2778,2
2063,3 2778,2
2062,8 2778,2
2063,3 2778,2
2055,9 2778,2
2055,9 2778,2
2055,9 2778,2
2055,4 2778,2
2055,1 2778,2
2055,1 2778,2
2054,7 2778,2
2054,7 2778,2
2054,7 2778,2
2054,7 2778,2
2054,7 2778,2
2054,7 2778,2
2064,4 2778,2
2063,4 2778,2
2063,4 2778,2
2063,4 2778,2
2063,2 2778,2
2063,2 2778,2
2063,2 2778,2
2062,7 2778,2
2062,7 2778,2
2062,2 2778,2
2061,9 2778,2
2061,9 2778,2
2061,7 2778,2
2061,0 2778,2
2061,0 2778,2
2061,0 2778,2
2060,7 2778,2
2060,7 2778,2
2060,5 2778,2
2060,2 2778,2
2060,2 2778,2
2060,2 2778,2
2060,0 2778,2
2059,7 2778,2
2059,7 2778,2
2059,0 2778,2
2058,8 2778,2
2058,8 2778,2
2058,3 2778,2
2058,3 2778,2
2058,3 2778,2
2058,3 2778,2
2058,3 2778,2
2058,3 2778,2
2057,0 2778,2
2057,0 2778,2
2056,8 2778,2
2056,5 2778,2
2056,5 2778,2
2056,5 2778,2
2056,3 2778,2
2056,0 2778,2
2055,1 2778,2
2055,1 2778,2
2055,1 2778,2
2055,1 2778,2
2055,1 2778,2
2055,1 2778,2
2055,1 2778,2
2055,1 2778,2
2055,1 2778,2
2055,1 2778,2
2055,1 2778,2
2055,1 2778,2
2055,1 2778,2
2055,1 2778,2
2055,1 2778,2
2055,1 2778,2
2054,8 2778,2
2054,8 2778,2
2054,8 2778,2
2054,1 2778,2
2054,1 2778,2
2053,8 2778,2
2062,7 2778,2
2062,0 2778,2
2061,3 2778,2
2059,5 2778,2
2059,5 2778,2
2058,8 2779,2
2058,3 2779,2
2058,3 2779,2
2058,3 2779,2
2057,8 2779,2
2057,8 2779,2
2057,3 2779,2
2057,3 2779,2
2057,3 2779,2
2057,1 2779,2
2056,3 2779,2
2056,3 2779,2
2056,3 2779,2
2056,3 2779,2
2056,3 2779,2
2056,3 2779,2
2056,1 2779,2
2056,1 2779,2
2056,1 2779,2
2056,1 2779,2
2056,1 2779,2
2056,1 2779,2
2034,0 2779,7
2034,0 2779,7
2028,8 2779,7
1973,4 2780,0
1973,4 2780,0
1959,4 2780,0
1935,6 2780,0
1935,1 2780,0
1933,6 2780,0
1932,6 2780,0
1932,6 2780,0
2063,9 2780,2
2062,0 2780,2
2062,0 2780,2
2061,7 2780,2
2060,3 2780,2
2060,0 2780,2
2059,8 2780,2
2057,8 2780,2
2057,8 2780,2
2056,8 2780,2
2056,3 2780,2
2056,3 2780,2
2056,1 2780,2
2055,3 2780,2
2055,3 2780,2
2055,3 2780,2
2054,1 2780,2
2054,1 2780,2
2054,1 2780,2
2054,1 2780,2
2054,1 2780,2
2054,1 2780,2
2053,9 2780,2
2053,9 2780,2
2053,6 2780,2
2053,6 2780,2
2053,4 2780,2
2052,6 2780,2
2052,6 2780,2
2052,6 2780,2
2052,6 2780,2
2052,6 2780,2
2052,6 2780,2
2052,6 2780,2
2052,6 2780,2
2052,6 2780,2
2053,8 2780,2
2053,3 2780,2
2053,3 2780,2
2053,0 2780,2
2052,5 2780,2
2052,5 2780,2
2051,8 2780,2
2051,8 2780,2
2051,8 2780,2
2051,3 2780,2
2051,3 2780,2
2051,3 2780,2
2051,3 2780,2
2051,3 2780,2
2051,3 2780,2
2050,3 2780,2
2049,8 2780,2
2049,6 2780,2
2048,8 2780,2
2048,6 2780,2
2048,6 2780,2
2048,3 2780,2
2055,7 2780,2
2055,7 2780,2
2055,2 2780,2
2054,7 2780,2
2054,7 2780,2
2054,7 2780,2
2053,0 2780,2
2053,0 2780,2
2052,7 2780,2
2052,2 2780,2
2052,2 2780,2
2052,2 2780,2
2050,8 2780,2
2050,8 2780,2
2050,8 2780,2
2050,0 2780,2
2050,0 2780,2
2050,0 2780,2
2050,0 2780,2
2050,0 2780,2
2049,8 2780,2
2059,3 2780,2
2059,3 2780,2
2059,3 2780,2
2059,0 2780,2
2059,0 2780,2
2059,0 2780,2
2057,5 2780,2
2057,5 2780,2
2057,5 2780,2
2055,8 2780,2
2055,8 2780,2
2055,8 2780,2
2052,6 2780,2
2052,1 2780,2
2052,1 2780,2
2051,9 2780,2
2051,4 2780,2
2051,4 2780,2
2051,4 2780,2
2051,4 2780,2
2051,4 2780,2
2051,4 2780,2
2051,4 2780,2
2051,4 2780,2
2051,4 2780,2
2051,4 2780,2
2051,4 2780,2
2067,8 2780,7
2066,9 2780,7
2066,9 2780,7
2066,7 2780,7
2066,7 2780,7
2066,7 2780,7
2053,1 2781,5
2052,6 2781,5
2052,6 2781,5
2052,1 2781,5
2052,1 2781,5
2052,1 2781,5
2051,7 2781,5
2051,7 2781,5
2051,7 2781,5
2051,2 2781,5
2050,7 2781,5
2050,7 2781,5
2050,2 2781,5
2049,9 2781,5
2049,9 2781,5
2058,8 2781,5
2057,0 2781,5
2057,0 2781,5
2056,8 2781,5
2055,8 2781,5
2055,8 2781,5
2055,6 2781,5
2055,3 2781,5
2055,3 2781,5
2063,7 2781,5
2061,0 2781,5
2061,0 2781,5
2058,0 2781,5
2057,8 2781,5
2057,8 2781,5
2057,8 2781,5
2056,8 2781,5
2056,8 2781,5
2056,3 2781,5
2056,3 2781,5
2056,3 2781,5
2056,3 2781,5
2056,1 2781,5
2056,1 2781,5
2055,3 2781,5
2055,1 2781,5
2055,1 2781,5
2054,6 2781,5
2053,6 2781,5
2053,6 2781,5
2052,6 2781,5
2052,4 2781,5
2052,4 2781,5
2052,4 2781,5
2052,1 2781,5
2052,1 2781,5
2051,9 2781,5
2051,9 2781,5
2051,9 2781,5
2051,6 2781,5
2051,2 2781,5
2050,9 2781,5
2060,7 2781,5
2059,9 2781,5
2059,9 2781,5
2059,7 2781,5
2058,7 2781,5
2058,7 2781,5
2058,0 2781,5
2057,2 2781,5
2057,0 2781,5
2056,5 2781,5
2055,8 2781,5
2055,5 2781,5
2055,5 2781,5
2054,8 2781,5
2054,8 2781,5
2054,8 2781,5
2064,7 2781,5
2064,2 2781,5
2064,2 2781,5
2063,0 2781,5
2062,3 2781,5
2061,5 2781,5
2060,8 2781,5
2060,8 2781,5
2060,3 2781,5
2059,3 2781,5
2059,3 2781,5
2059,1 2781,5
2058,3 2781,5
2057,1 2781,5
2056,4 2781,5
2054,2 2781,5
2054,2 2781,5
2053,9 2781,5
2053,9 2781,5
2053,9 2781,5
2053,4 2781,5
2052,9 2781,5
2052,9 2781,5
2052,7 2781,5
2051,0 2781,5
2051,0 2781,5
2050,5 2781,5
2050,5 2781,5
2050,5 2781,5
2050,5 2781,5
2049,7 2781,5
2049,7 2781,5
2049,5 2781,5
2048,7 2781,5
2048,7 2781,5
2058,6 2781,5
2055,8 2781,5
2055,8 2781,5
2055,6 2781,5
2054,9 2781,5
2054,9 2781,5
2054,6 2781,5
2054,6 2781,5
2054,6 2781,5
2054,1 2781,5
2053,1 2781,5
2053,1 2781,5
2051,4 2781,5
2051,4 2781,5
2051,4 2781,5
2051,4 2781,5
2050,9 2781,5
2050,9 2781,5
2049,9 2781,5
2049,9 2781,5
2049,7 2781,5
2049,4 2781,5
2049,4 2781,5
2049,4 2781,5
2049,4 2781,5
2049,0 2781,5
2049,0 2781,5
2048,7 2781,5
2048,5 2781,5
2048,5 2781,5
2048,2 2781,5
2047,2 2781,5
2047,0 2781,5
2056,7 2781,5
2056,7 2781,5
2056,0 2781,5
2056,0 2781,5
2055,5 2781,5
2054,8 2781,5
2054,5 2781,5
2054,0 2781,5
2053,0 2781,5
2052,5 2781,5
2052,5 2781,5
2052,5 2781,5
2052,3 2781,5
2052,3 2781,5
2052,1 2781,5
2052,1 2781,5
2051,8 2781,5
2051,6 2781,5
2051,6 2781,5
2051,3 2781,5
2051,3 2781,5
2051,3 2781,5
2050,8 2781,5
2050,8 2781,5
2050,8 2781,5
2050,8 2781,5
2050,6 2781,5
2049,8 2781,5
2049,8 2781,5
2049,8 2781,5
2049,3 2781,5
2048,6 2781,5
2048,6 2781,5
2059,1 2781,5
2058,9 2781,5
2058,4 2781,5
2058,4 2781,5
2057,9 2781,5
2057,9 2781,5
2055,7 2781,5
2055,5 2781,5
2055,5 2781,5
2054,2 2781,5
2053,0 2781,5
2053,0 2781,5
2052,8 2781,5
2052,8 2781,5
2052,8 2781,5
2052,5 2781,5
2052,0 2781,5
2052,0 2781,5
2051,8 2781,5
2051,3 2781,5
2051,3 2781,5
2061,1 2781,5
2059,9 2781,5
2059,9 2781,5
2058,7 2781,5
2057,7 2781,5
2057,7 2781,5
2057,4 2781,5
2056,0 2781,5
2056,0 2781,5
2055,5 2781,5
2054,7 2781,5
2054,7 2781,5
2054,2 2781,5
2053,2 2781,5
2053,2 2781,5
2053,0 2781,5
2052,8 2781,5
2052,8 2781,5
2052,5 2781,5
2051,5 2781,5
2051,5 2781,5
2051,3 2781,5
2051,0 2781,5
2051,0 2781,5
2051,0 2781,5
2051,0 2781,5
2051,0 2781,5
2051,0 2781,5
2050,5 2781,5
2050,5 2781,5
2050,5 2781,5
2050,5 2781,5
2050,5 2781,5
2050,5 2781,5
2050,5 2781,5
2050,5 2781,5
2049,8 2781,5
2049,8 2781,5
2049,8 2781,5
2049,8 2781,5
2048,6 2781,5
2048,6 2781,5
2048,6 2781,5
2048,6 2781,5
2048,6 2781,5
2048,6 2781,5
2047,6 2781,5
2047,6 2781,5
2047,3 2781,5
2046,6 2781,5
2046,6 2781,5
2046,6 2781,5
2068,9 2781,5
2068,6 2781,5
2068,6 2781,5
2068,1 2781,5
2068,1 2781,5
2068,1 2781,5
2067,9 2781,5
2067,6 2781,5
2067,6 2781,5
2067,6 2781,5
2067,4 2781,5
2067,4 2781,5
2067,4 2781,5
2067,4 2781,5
2067,4 2781,5
2067,4 2781,5
2067,4 2781,5
2067,4 2781,5
2067,1 2781,5
2067,1 2781,5
2067,1 2781,5
2077,1 2781,5
2077,1 2781,5
2077,1 2781,5
2076,9 2781,5
2076,4 2781,5
2076,2 2781,5
2075,4 2781,5
2075,4 2781,5
2075,4 2781,5
2074,7 2781,5
2074,7 2781,5
2074,7 2781,5
2073,9 2781,5
2073,9 2781,5
2073,9 2781,5
2073,5 2781,5
2073,5 2781,5
2073,5 2781,5
2072,2 2781,5
2072,0 2781,5
2072,0 2781,5
2082,4 2781,5
2082,2 2781,5
2082,2 2781,5
2082,2 2781,5
2081,2 2781,5
2081,2 2781,5
2080,7 2781,5
2080,7 2781,5
2080,7 2781,5
2079,7 2781,5
2079,5 2781,5
2079,5 2781,5
2078,3 2781,5
2078,3 2781,5
2078,3 2781,5
2078,3 2781,5
2078,3 2781,5
2078,0 2781,5
2077,3 2781,5
2077,0 2781,5
2077,0 2781,5
2077,0 2781,5
2076,5 2781,5
2076,5 2781,5
2075,1 2781,5
2075,1 2781,5
2075,1 2781,5
2074,8 2781,5
2074,6 2781,5
2074,6 2781,5
2073,6 2781,5
2073,3 2781,5
2073,3 2781,5
2072,8 2781,5
2072,1 2781,5
2072,1 2781,5
2071,6 2781,5
2071,4 2781,5
2071,4 2781,5
2069,9 2781,5
2069,4 2781,5
2069,4 2781,5
2077,3 2781,5
2076,1 2781,5
2075,6 2781,5
2074,6 2781,5
2074,3 2781,5
2073,8 2781,5
2083,3 2781,5
2082,6 2781,5
2081,9 2781,5
2081,6 2781,5
2081,4 2781,5
2080,9 2781,5
2079,9 2781,5
2079,9 2781,5
2079,9 2781,5
2079,9 2781,5
2079,9 2781,5
2079,4 2781,5
2079,4 2781,5
2079,4 2781,5
2079,2 2781,5
2077,9 2781,5
2077,9 2781,5
2077,7 2781,5
2076,5 2781,5
2076,5 2781,5
2076,2 2781,5
2076,0 2781,5
2076,0 2781,5
2076,0 2781,5
2075,5 2781,5
2075,5 2781,5
2075,0 2781,5
2074,7 2781,5
2074,7 2781,5
2074,7 2781,5
2074,7 2781,5
2074,7 2781,5
2074,7 2781,5
2074,2 2781,5
2074,0 2781,5
2073,5 2781,5
2073,5 2781,5
2073,5 2781,5
2073,3 2781,5
2073,3 2781,5
2073,3 2781,5
2072,5 2781,5
2072,5 2781,5
2072,5 2781,5
2072,5 2781,5
2067,7 2781,5
2067,7 2781,5
2067,7 2781,5
2077,3 2781,5
2077,3 2781,5
2076,6 2781,5
2075,6 2781,5
2075,6 2781,5
2074,4 2781,5
2074,4 2781,5
2074,4 2781,5
2074,4 2781,5
2074,4 2781,5
2074,4 2781,5
2072,6 2781,5
2071,9 2781,5
2071,9 2781,5
2071,7 2781,5
2071,2 2781,5
2071,2 2781,5
2071,2 2781,5
2080,9 2781,5
2080,9 2781,5
2079,4 2781,5
2078,7 2781,5
2078,7 2781,5
2078,2 2781,5
2077,0 2781,5
2077,0 2781,5
2076,0 2781,5
2075,7 2781,5
2075,7 2781,5
2074,5 2781,5
2074,5 2781,5
2074,5 2781,5
2074,0 2781,5
2074,0 2781,5
2074,0 2781,5
2074,0 2781,5
2073,5 2781,5
2073,5 2781,5
2072,8 2781,5
2071,8 2781,5
2071,8 2781,5
2071,8 2781,5
2071,8 2781,5
2071,8 2781,5
2071,8 2781,5
2071,8 2781,5
2071,8 2781,5
2071,8 2781,5
2071,8 2781,5
2071,8 2781,5
2070,3 2781,5
2069,8 2781,5
2069,8 2781,5
2069,8 2781,5
2069,8 2781,5
2069,8 2781,5
2069,8 2781,5
2069,8 2781,5
2069,8 2781,5
2069,8 2781,5
2069,8 2781,5
2069,8 2781,5
2069,8 2781,5
2069,8 2781,5
2069,8 2781,5
2069,8 2781,5
2069,8 2781,5
2069,8 2781,5
2069,8 2781,5
2079,4 2781,5
2079,1 2781,5
2078,1 2781,5
2077,4 2781,5
2077,4 2781,5
2076,9 2781,5
2076,7 2781,5
2076,7 2781,5
2076,4 2781,5
2085,7 2781,5
2085,7 2781,5
2084,8 2781,5
2084,8 2781,5
2084,8 2781,5
2084,3 2781,5
2083,5 2781,5
2083,5 2781,5
2083,0 2781,5
2082,5 2781,5
2082,3 2781,5
2080,3 2781,5
2080,1 2781,5
2080,1 2781,5
2079,8 2781,5
2079,8 2781,5
2079,8 2781,5
2079,8 2781,5
2079,3 2781,5
2079,3 2781,5
2079,3 2781,5
2079,1 2781,5
2079,1 2781,5
2078,9 2781,5
2078,1 2781,5
2078,1 2781,5
2077,9 2781,5
2077,1 2781,5
2076,6 2781,5
2075,7 2781,5
2075,7 2781,5
2075,7 2781,5
2075,7 2781,5
2075,7 2781,5
2075,7 2781,5
2075,4 2781,5
2075,2 2781,5
2074,7 2781,5
2073,9 2781,5
2073,7 2781,5
2073,7 2781,5
2073,7 2781,5
2073,0 2781,5
2073,0 2781,5
2073,0 2781,5
2072,2 2781,5
2072,2 2781,5
2070,5 2781,5
2070,5 2781,5
2070,5 2781,5
2070,5 2781,5
2070,5 2781,5
2070,5 2781,5
2069,5 2781,5
2069,5 2781,5
2069,5 2781,5
2069,5 2781,5
2069,5 2781,5
2069,5 2781,5
2069,5 2781,5
2069,8 2781,5
2069,8 2781,5
2069,5 2781,5
2078,7 2781,5
2078,7 2781,5
2078,0 2782,0
2072,8 2782,0
2065,8 2782,0
2062,3 2782,0
2062,0 2782,0
2061,8 2782,0
2061,3 2782,0
2061,3 2782,0
2061,3 2782,0
2061,1 2782,0
2061,1 2782,0
2061,1 2782,0
2060,1 2782,0
2059,6 2782,0
2059,6 2782,0
2059,6 2782,0
2059,6 2782,0
2059,6 2782,0
2058,6 2782,0
2058,1 2782,0
2057,6 2782,0
2057,1 2782,0
2057,1 2782,0
2057,1 2782,0
2057,1 2782,0
2057,1 2782,0
2057,1 2782,0
2057,1 2782,0
2057,1 2782,0
2057,1 2782,0
2057,1 2782,0
2056,6 2782,0
2056,6 2782,0
2056,6 2782,0
2056,6 2782,0
2056,6 2782,0
2056,1 2782,0
2056,1 2782,0
2056,1 2782,0
2054,4 2782,0
2054,2 2782,0
2054,2 2782,0
2054,2 2782,0
2053,9 2782,0
2053,7 2782,0
2052,4 2782,0
2052,2 2782,0
2052,2 2782,0
2051,7 2782,0
2051,7 2782,0
2051,7 2782,0
2051,5 2782,0
2051,5 2782,0
2051,5 2782,0
2059,8 2782,0
2059,5 2782,0
2059,5 2782,0
2059,5 2782,0
2058,3 2782,0
2058,1 2782,0
2056,8 2782,0
2056,8 2782,0
2056,8 2782,0
2056,3 2782,0
2056,1 2782,0
2056,1 2782,0
2056,1 2782,0
2056,1 2782,0
2056,1 2782,0
2056,1 2782,0
2055,6 2782,0
2055,6 2782,0
2054,9 2782,0
2065,2 2782,0
2065,0 2782,0
2063,8 2782,0
2063,8 2782,0
2063,8 2782,0
2063,8 2782,0
2063,5 2782,0
2063,5 2782,0
2063,3 2782,0
2062,8 2782,0
2062,8 2782,0
2062,0 2782,0
2061,5 2782,0
2061,5 2782,0
2061,0 2782,0
2060,6 2782,0
2060,6 2782,0
2058,3 2782,0
2058,3 2782,0
2058,1 2782,0
2067,0 2782,0
2066,7 2782,0
2066,7 2782,0
2066,7 2782,0
2065,0 2782,0
2065,0 2782,0
2065,0 2782,0
2064,5 2782,0
2064,5 2782,0
2064,0 2782,0
2064,0 2782,0
2063,8 2782,0
2063,3 2782,0
2063,0 2782,0
2062,8 2782,0
2061,8 2782,0
2060,8 2782,0
2060,6 2782,0
2059,6 2782,0
2058,8 2782,0
2058,8 2782,0
2058,1 2782,0
2058,1 2782,0
2058,1 2782,0
2057,4 2782,0
2056,4 2782,0
2056,4 2782,0
2055,1 2782,0
2055,1 2782,0
2055,1 2782,0
2055,1 2782,0
2055,1 2782,0
2055,1 2782,0
2055,1 2782,0
2055,1 2782,0
2054,9 2782,0
2054,4 2782,0
2064,8 2782,0
2064,6 2782,0
2063,6 2782,0
2063,6 2782,0
2063,3 2782,0
2061,9 2782,0
2061,9 2782,0
2061,9 2782,0
2061,4 2782,0
2061,4 2782,0
2061,4 2782,0
2061,4 2782,0
2060,6 2782,0
2060,4 2782,0
2059,7 2782,0
2058,9 2782,0
2058,9 2782,0
2058,7 2782,0
2057,9 2782,0
2057,9 2782,0
2057,9 2782,0
2057,9 2782,0
2057,9 2782,0
2057,7 2782,0
2057,0 2782,0
2057,0 2782,0
2056,7 2782,0
2056,5 2782,0
2056,2 2782,0
2056,0 2782,0
2055,7 2782,0
2055,7 2782,0
2055,0 2782,0
2055,0 2782,0
2055,0 2782,0
2055,0 2782,0
2055,0 2782,0
2055,0 2782,0
2055,0 2782,0
2055,0 2782,0
2055,0 2782,0
2055,0 2782,0
2055,0 2782,0
2055,0 2782,0
2063,6 2782,0
2063,3 2782,0
2063,3 2782,0
2063,3 2782,0
2062,6 2782,0
2062,6 2782,0
2062,3 2782,0
2061,6 2782,0
2061,6 2782,0
2061,6 2782,0
2061,6 2782,0
2061,6 2782,0
2061,6 2782,0
2061,1 2782,0
2061,1 2782,0
2060,6 2782,0
2060,1 2782,0
2060,1 2782,0
2059,9 2782,0
2058,6 2782,0
2058,6 2782,0
2058,6 2782,0
2058,6 2782,0
2058,6 2782,0
2058,6 2782,0
2058,4 2782,0
2058,4 2782,0
2057,9 2782,0
2057,9 2782,0
2057,9 2782,0
2057,7 2782,0
2057,7 2782,0
2057,4 2782,0
2056,9 2782,0
2066,8 2782,0
2066,3 2782,0
2065,1 2782,0
2064,8 2782,0
2064,6 2782,0
2063,4 2782,0
2063,1 2782,0
2063,1 2782,0
2063,1 2782,0
2063,1 2782,0
2063,1 2782,0
2063,1 2782,0
2062,6 2782,0
2062,6 2782,0
2062,6 2782,0
2061,9 2782,0
2061,9 2782,0
2061,2 2782,0
2060,7 2782,0
2060,7 2782,0
2060,7 2782,0
2060,4 2782,0
2060,4 2782,0
2060,4 2782,0
2060,4 2782,0
2060,4 2782,0
2059,9 2782,0
2059,9 2782,0
2059,9 2782,0
2059,4 2782,0
2058,4 2782,0
2058,4 2782,0
2058,4 2782,0
2058,0 2782,0
2058,0 2782,0
2057,2 2782,0
2057,0 2782,0
2057,0 2782,0
2057,0 2782,0
2055,0 2782,0
2055,0 2782,0
2055,0 2782,0
2055,0 2782,0
2055,0 2782,0
2055,0 2782,0
2055,0 2782,0
2055,0 2782,0
2055,0 2782,0
2055,0 2782,0
2055,0 2782,0
2055,0 2782,0
2055,0 2782,0
2055,0 2782,0
2055,0 2782,0
2055,0 2782,0
2055,0 2782,0
2055,0 2782,0
2055,0 2782,0
2055,0 2782,0
2054,8 2782,0
2054,3 2782,0
2054,3 2782,0
2053,5 2782,0
2052,5 2782,0
2052,5 2782,0
2052,1 2782,0
2052,1 2782,0
2052,1 2782,0
2051,1 2782,0
2050,3 2782,0
2050,3 2782,0
2050,1 2782,0
2049,3 2782,0
2049,3 2782,0
2049,3 2782,0
2048,6 2782,0
2048,6 2782,0
2057,9 2782,0
2056,2 2782,0
2056,2 2782,0
2055,4 2782,0
2054,7 2782,0
2054,7 2782,0
2054,7 2782,0
2054,2 2782,0
2054,2 2782,0
2053,7 2782,0
2051,0 2782,0
2051,0 2782,0
2060,5 2782,0
2058,3 2782,0
2058,3 2782,0
2057,3 2782,0
2056,6 2782,0
2056,6 2782,0
2056,3 2782,0
2055,9 2782,0
2055,9 2782,0
2055,6 2782,0
2055,1 2782,0
2055,1 2782,0
2063,0 2782,0
2062,3 2782,0
2062,3 2782,0
2061,3 2782,0
2060,8 2782,0
2060,8 2782,0
2059,8 2782,0
2059,3 2782,0
2059,3 2782,0
2057,8 2782,0
2057,8 2782,0
2057,8 2782,0
2057,8 2782,0
2057,6 2782,0
2057,6 2782,0
2057,6 2782,0
2056,6 2782,0
2056,6 2782,0
2054,9 2782,0
2052,7 2782,0
2052,7 2782,0
2051,7 2782,0
2051,0 2782,0
2051,0 2782,0
2050,2 2782,0
2050,0 2782,0
2050,0 2782,0
2050,0 2782,0
2050,0 2782,0
2050,0 2782,0
2050,0 2782,0
2049,7 2782,0
2049,7 2782,0
2049,7 2782,0
2049,7 2782,0
2049,7 2782,0
2049,7 2782,0
2049,7 2782,0
2049,7 2782,0
2049,7 2782,0
2049,7 2782,0
2049,7 2782,0
2059,6 2782,0
2059,1 2782,0
2059,1 2782,0
2058,8 2782,0
2058,8 2782,0
2058,8 2782,0
2058,6 2782,0
2058,6 2782,0
2058,6 2782,0
2058,3 2782,0
2057,9 2782,0
2057,9 2782,0
2057,6 2782,0
2057,4 2782,0
2057,4 2782,0
2057,4 2782,0
2057,4 2782,0
2057,4 2782,0
2056,4 2782,0
2056,4 2782,0
2056,1 2782,0
2055,4 2782,0
2053,4 2782,0
2053,2 2782,0
2053,2 2782,0
2052,9 2782,0
2052,9 2782,0
2052,2 2782,0
2051,7 2782,0
2051,6 2782,0
2051,5 2782,0
2051,5 2782,0
2051,5 2782,0
2061,7 2782,0
2060,0 2782,0
2060,0 2782,0
2059,5 2782,0
2058,5 2782,0
2058,5 2782,0
2058,2 2782,0
2058,0 2782,0
2058,0 2782,0
2057,5 2782,0
2056,0 2782,0
2056,0 2782,0
2056,0 2782,0
2065,4 2782,0
2065,4 2782,0
2064,6 2782,0
2064,1 2782,0
2064,1 2782,0
2064,1 2782,0
2063,6 2782,0
2063,6 2782,0
2063,1 2782,0
2061,9 2782,0
2061,9 2782,0
2061,7 2782,0
2061,4 2782,0
2061,2 2782,0
2060,7 2782,0
2060,4 2782,0
2060,4 2782,0
2060,2 2782,0
2058,2 2782,0
2058,2 2782,0
2058,0 2782,0
2058,0 2782,0
2058,0 2782,0
2058,0 2782,0
2057,5 2782,0
2057,5 2782,0
2057,5 2782,0
2056,5 2782,0
2056,5 2782,0
2056,5 2782,0
2056,5 2782,0
2056,5 2782,0
2056,5 2782,0
2056,3 2782,0
2056,3 2782,0
2056,3 2782,0
2055,0 2782,0
2055,0 2782,0
2053,6 2782,0
2053,1 2782,0
2052,3 2782,0
2051,8 2782,0
2051,6 2782,0
2051,6 2782,0
2051,6 2782,0
2061,2 2782,0
2061,2 2782,0
2061,2 2782,0
2060,0 2782,0
2060,0 2782,0
2060,0 2782,0
2059,5 2782,0
2059,5 2782,0
2058,5 2782,0
2058,0 2782,0
2058,0 2782,0
2056,6 2782,0
2056,6 2782,0
2056,6 2782,0
2056,6 2782,0
2056,6 2782,0
2056,6 2782,0
2056,6 2782,0
2056,6 2782,0
2056,6 2782,0
2056,3 2782,0
2056,3 2782,0
2056,3 2782,0
2056,1 2782,0
2066,1 2782,0
2066,1 2782,0
2066,1 2782,0
2065,6 2782,0
2065,6 2782,0
2065,4 2782,0
2065,1 2782,0
2065,1 2782,0
2063,4 2782,0
2061,0 2782,0
2061,0 2782,0
2060,2 2782,0
2059,7 2782,0
2059,5 2782,0
2057,0 2782,0
2056,5 2782,0
2056,5 2782,0
2056,5 2782,0
2056,3 2782,0
2056,3 2782,0
2056,3 2782,0
2056,3 2782,0
2056,3 2782,0
2055,6 2782,0
2055,6 2782,0
2055,6 2782,0
2055,6 2782,0
2055,6 2782,0
2055,6 2782,0
2055,1 2782,0
2055,1 2782,0
2055,1 2782,0
2055,1 2782,0
2055,1 2782,0
2055,1 2782,0
2054,8 2782,0
2054,6 2782,0
2054,6 2782,0
2054,3 2782,0
2054,3 2782,0
2054,3 2782,0
2054,1 2782,0
2053,6 2782,0
2053,6 2782,0
2053,6 2782,0
2053,6 2782,0
2053,6 2782,0
2053,4 2782,0
2053,4 2782,0
2053,4 2782,0
2053,4 2782,0
2053,4 2782,0
2053,4 2782,0
2053,4 2782,0
2052,9 2782,0
2052,4 2782,0
2051,9 2782,0
2051,9 2782,0
2051,6 2782,0
2051,4 2782,0
2051,4 2782,0
2051,4 2782,0
2051,4 2782,0
2051,4 2782,0
2051,4 2782,0
2051,4 2782,0
2051,1 2782,0
2051,1 2782,0
2051,1 2782,0
2051,1 2782,0
2050,9 2782,0
2050,9 2782,0
2050,9 2782,0
2050,9 2782,0
2061,0 2782,0
2060,5 2782,0
2060,0 2782,0
2059,8 2782,0
2059,3 2782,0
2059,3 2782,0
2059,0 2782,0
2057,6 2782,0
2057,6 2782,0
2057,6 2782,0
2057,3 2782,0
2057,3 2782,0
2057,3 2782,0
2057,3 2782,0
2057,3 2782,0
2057,1 2782,0
2056,3 2782,0
2056,1 2782,0
2055,1 2782,0
2054,9 2782,0
2054,4 2782,0
2053,9 2782,0
2053,9 2782,0
2053,4 2782,0
2053,1 2782,0
2063,0 2782,0
2062,0 2782,0
2061,5 2782,0
2061,0 2782,0
2061,0 2782,0
2060,8 2782,0
2060,8 2782,0
2060,3 2782,0
2060,3 2782,0
2060,3 2782,0
2059,3 2782,0
2059,3 2782,0
2059,1 2782,0
2058,6 2782,0
2058,6 2782,0
2058,6 2782,0
2058,6 2782,0
2058,1 2782,0
2058,1 2782,0
2058,1 2782,0
2058,1 2782,0
2058,1 2782,0
2058,1 2782,0
2057,3 2782,0
2057,1 2782,0
2056,6 2782,0
2056,6 2782,0
2056,6 2782,0
2056,6 2782,0
2056,3 2782,0
2056,1 2782,0
2055,6 2782,0
2055,6 2782,0
2064,8 2782,0
2063,9 2782,0
2062,9 2782,0
2062,9 2782,0
2062,9 2782,0
2061,9 2782,0
2061,9 2782,0
2061,9 2782,0
2061,9 2782,0
2061,9 2782,0
2061,9 2782,0
2060,7 2782,0
2060,4 2782,0
2060,4 2782,0
2060,2 2782,0
2059,4 2782,0
2059,4 2782,0
2058,4 2782,0
2058,2 2782,0
2058,2 2782,0
2057,0 2782,0
2056,5 2782,0
2056,5 2782,0
2055,0 2782,0
2054,5 2782,0
2054,5 2782,0
2054,3 2782,0
2054,3 2782,0
2054,3 2782,0
2053,5 2782,0
2051,8 2782,0
2051,8 2782,0
2051,8 2782,0
2051,8 2782,0
2051,8 2782,0
2051,8 2782,0
2050,8 2782,0
2050,8 2782,0
2050,6 2782,0
2050,1 2782,0
2050,1 2782,0
2050,1 2782,0
2050,1 2782,0
2050,1 2782,0
2049,8 2782,0
2049,3 2782,0
2049,3 2782,0
2049,3 2782,0
2049,3 2782,0
2049,3 2782,0
2049,3 2782,0
2049,3 2782,0
2049,3 2782,0
2049,3 2782,0
2049,3 2782,0
2049,3 2782,0
2049,1 2782,0
2057,4 2782,0
2057,4 2782,0
2057,4 2782,0
2057,4 2782,0
2057,4 2782,0
2057,4 2782,0
2054,4 2782,0
2054,2 2782,0
2054,2 2782,0
2053,4 2782,0
2053,4 2782,0
2053,4 2782,0
2053,2 2782,0
2052,4 2782,0
2052,4 2782,0
2048,8 2782,0
2048,5 2782,0
2048,0 2782,0
2047,5 2782,0
2047,3 2782,0
2047,3 2782,0
2040,6 2782,0
2040,6 2782,0
2040,6 2782,0
2049,8 2782,0
2049,8 2782,0
2047,6 2782,0
2056,8 2782,0
2056,8 2782,0
2056,5 2782,0
2055,8 2782,0
2055,8 2782,0
2055,8 2782,0
2054,8 2782,0
2054,8 2782,0
2054,8 2782,0
2053,8 2782,0
2053,8 2782,0
2053,8 2782,0
2051,1 2782,0
2051,1 2782,0
2051,1 2782,0
2050,9 2782,0
2050,9 2782,0
2050,9 2782,0
2049,7 2782,0
2049,7 2782,0
2049,7 2782,0
2047,2 2782,0
2047,2 2782,0
2047,2 2782,0
2046,9 2782,0
2046,9 2782,0
2046,9 2782,0
2046,9 2782,0
2046,9 2782,0
2046,9 2782,0
2046,9 2782,0
2046,9 2782,0
2046,9 2782,0
2046,9 2782,0
2046,7 2782,0
2046,7 2782,0
2055,0 2782,0
2054,3 2782,0
2052,8 2782,0
2034,6 2782,0
2034,4 2782,0
2034,4 2782,0
2031,9 2782,0
2031,4 2782,0
2030,4 2782,0
2028,5 2782,0
2028,5 2782,0
2028,5 2782,0
2023,3 2782,0
2023,3 2782,0
2023,3 2782,0
2023,1 2782,0
2022,8 2782,0
2022,8 2782,0
2022,6 2782,0
2022,6 2782,0
2022,6 2782,0
2022,3 2782,0
2022,3 2782,0
2021,6 2782,0
2014,9 2784,5
2014,2 2784,5
2008,0 2784,5
1952,7 2786,5
1951,7 2786,5
1951,7 2786,5
1938,0 2793,2
1929,3 2793,2
1929,3 2793,2
1887,3 2795,0
1886,0 2795,2
1886,0 2795,2
1879,6 2796,0
1879,6 2796,0
1879,6 2796,0
1878,6 2796,0
1878,2 2796,0
1878,2 2796,0
1877,2 2796,0
1877,2 2796,2
1877,2 2796,2
1876,7 2796,2
1876,7 2796,2
1876,7 2796,2
1875,0 2796,2
1875,0 2796,2
1875,0 2796,2
1874,5 2796,2
1874,5 2796,2
1883,2 2796,2
1882,0 2796,2
1881,7 2796,2
1882,0 2796,2
1880,3 2796,2
1880,3 2796,2
1880,0 2796,2
1890,0 2796,2
1890,0 2796,2
1890,0 2796,2
1887,8 2796,2
1887,6 2796,2
1887,6 2796,2
1885,6 2796,2
1884,9 2796,2
1884,9 2796,2
1893,9 2796,2
1892,9 2796,2
1892,6 2796,2
1892,4 2796,2
1892,1 2796,2
1892,1 2796,2
1892,1 2796,2
1892,1 2796,2
1892,1 2796,2
1892,1 2796,2
1891,4 2796,2
1891,4 2796,2
1890,2 2796,2
1889,2 2796,2
1889,2 2796,2
1888,9 2796,2
1888,7 2796,2
1888,7 2796,2
1888,5 2796,2
1888,2 2796,2
1888,2 2796,2
1888,0 2796,2
1887,5 2796,2
1887,5 2796,2
1887,2 2796,2
1886,2 2796,2
1886,2 2796,2
1886,2 2796,2
1885,5 2796,2
1885,5 2796,2
1883,3 2796,2
1882,6 2796,2
1882,6 2796,2
1882,6 2796,2
1881,8 2796,2
1881,6 2796,2
1889,1 2796,2
1888,6 2796,2
1888,6 2796,2
1887,9 2796,2
1896,9 2796,2
1896,9 2796,2
1895,9 2796,2
1894,9 2796,2
1894,9 2796,2
1893,7 2796,2
1893,4 2796,2
1893,4 2796,2
1893,2 2796,2
1892,9 2796,2
1892,9 2796,2
1892,4 2796,2
1892,2 2796,2
1892,2 2796,2
1892,0 2796,2
1891,2 2796,2
1891,2 2796,2
1891,2 2796,2
1891,2 2796,2
1891,2 2796,2
1891,0 2796,2
1890,2 2796,2
1890,2 2796,2
1890,2 2796,2
1890,0 2796,2
1890,0 2796,2
1889,7 2796,2
1889,2 2796,2
1889,2 2796,2
1889,2 2796,2
1889,2 2796,2
1889,2 2796,2
1889,0 2796,2
1888,5 2796,2
1888,5 2796,2
1888,5 2796,2
1888,5 2796,2
1888,5 2796,2
1888,3 2796,2
1887,5 2796,2
1887,5 2796,2
1897,8 2796,2
1897,3 2796,5
1896,8 2796,5
1895,3 2796,5
1894,6 2796,5
1894,1 2796,5
1893,6 2796,5
1893,6 2796,5
1893,6 2796,5
1893,1 2796,5
1892,6 2796,5
1892,6 2796,5
1892,4 2796,5
1892,4 2796,5
1892,4 2796,5
1892,4 2796,5
1892,1 2796,5
1891,9 2796,5
1890,9 2796,5
1890,6 2796,5
1890,6 2796,5
1888,7 2796,5
1888,4 2796,5
1888,4 2796,5
1898,6 2796,5
1898,4 2796,5
1898,1 2796,5
1897,2 2796,5
1896,7 2796,5
1896,4 2796,5
1895,9 2796,5
1895,9 2796,5
1895,9 2796,5
1895,9 2796,5
1895,4 2796,5
1894,9 2796,5
1894,2 2796,5
1894,2 2796,5
1894,2 2796,5
1892,7 2796,5
1892,0 2796,5
1892,0 2796,5
1891,3 2796,5
1891,3 2796,5
1891,0 2796,5
1890,8 2796,5
1890,8 2796,5
1890,8 2796,5
1890,5 2796,5
1890,5 2796,5
1890,5 2796,5
1889,5 2796,5
1888,5 2796,5
1888,5 2796,5
1888,3 2796,5
1888,1 2796,5
1888,1 2796,5
1888,1 2796,5
1888,1 2796,5
1888,1 2796,5
1887,8 2796,5
1886,6 2796,5
1886,8 2796,5
1885,1 2796,5
1885,1 2796,5
1885,1 2796,5
1884,9 2796,5
1884,6 2796,5
1884,6 2796,5
1884,1 2796,5
1884,1 2796,5
1884,1 2796,5
1883,9 2796,5
1881,7 2796,5
1881,7 2796,5
1881,4 2796,5
1881,4 2796,5
1881,4 2796,5
1881,4 2796,5
1881,2 2796,5
1880,7 2796,5
1879,9 2796,5
1879,9 2796,5
1879,7 2796,5
1879,2 2796,5
1879,2 2796,5
1878,5 2796,5
1878,0 2796,5
1877,0 2796,5
1877,0 2796,5
1877,0 2796,5
1876,7 2797,2
1876,7 2797,2
1876,2 2797,2
1874,8 2797,2
1874,8 2797,2
1885,1 2797,2
1883,1 2797,2
1883,1 2797,2
1883,1 2797,2
1881,9 2797,2
1881,9 2797,2
1880,1 2797,2
1880,1 2797,2
1880,1 2797,2
1880,1 2797,2
1879,2 2797,2
1879,2 2797,2
1878,7 2797,2
1887,2 2797,2
1887,2 2797,2
1886,2 2797,2
1886,2 2797,2
1886,2 2797,2
1886,2 2797,2
1885,7 2797,2
1885,5 2797,2
1885,5 2797,2
1885,0 2797,2
1885,0 2797,2
1885,0 2797,2
1885,0 2797,2
1885,0 2797,2
1885,0 2797,2
1884,5 2797,2
1884,5 2797,2
1884,5 2797,2
1883,7 2797,2
1883,7 2797,2
1883,7 2797,2
1883,7 2797,2
1883,5 2797,2
1883,5 2797,2
1883,5 2797,2
1883,2 2797,2
1883,2 2797,2
1883,2 2797,2
1883,2 2797,2
1883,2 2797,2
1883,0 2797,2
1883,0 2797,2
1883,0 2797,2
1883,0 2797,2
1882,8 2797,2
1882,8 2797,2
1882,0 2797,2
1882,0 2797,2
1882,0 2797,2
1881,5 2797,2
1881,5 2797,2
1881,5 2797,2
1881,5 2797,2
1881,5 2797,2
1881,5 2797,2
1881,5 2797,2
1881,3 2797,2
1881,3 2797,2
1889,9 2797,2
1889,4 2797,2
1889,2 2797,2
1888,5 2797,2
1888,2 2797,2
1887,7 2797,2
1886,2 2797,2
1886,2 2797,2
1886,0 2797,2
1885,0 2797,2
1884,8 2797,2
1884,8 2797,2
1883,5 2797,2
1883,5 2797,2
1883,3 2797,2
1883,1 2797,2
1883,1 2797,2
1883,1 2797,2
1892,6 2797,2
1892,3 2797,2
1891,9 2797,2
1891,1 2797,2
1891,1 2797,2
1890,9 2797,2
1890,4 2797,2
1890,4 2797,2
1890,4 2797,2
1889,1 2797,2
1888,4 2797,2
1888,4 2797,2
1887,2 2797,2
1885,9 2797,2
1885,5 2797,2
1894,2 2797,2
1893,9 2797,2
1893,5 2797,2
1893,2 2797,2
1893,2 2797,2
1893,2 2797,2
1893,0 2797,2
1892,5 2797,2
1892,5 2797,2
1890,8 2797,2
1890,8 2797,2
1890,8 2797,2
1890,0 2797,2
1889,5 2797,2
1889,5 2797,2
1889,5 2797,2
1889,0 2797,2
1889,0 2797,2
1889,0 2797,2
1888,5 2797,2
1888,3 2797,2
1888,0 2797,2
1888,0 2797,2
1888,0 2797,2
1888,0 2797,2
1888,0 2797,2
1887,6 2797,2
1887,1 2797,2
1887,1 2797,2
1887,1 2797,2
1886,8 2797,2
1886,8 2797,2
1886,8 2797,2
1886,8 2797,2
1886,8 2797,2
1886,8 2797,2
1886,3 2797,2
1886,1 2797,2
1886,1 2797,2
1884,4 2797,2
1884,4 2797,2
1884,4 2797,2
1883,6 2797,2
1883,1 2797,2
1883,1 2797,2
1882,6 2797,2
1882,4 2797,2
1882,4 2797,2
1882,4 2797,2
1882,4 2797,2
1882,4 2797,2
1882,1 2797,2
1881,4 2797,2
1881,4 2797,2
1881,2 2797,2
1881,2 2797,2
1881,2 2797,2
1881,2 2797,2
1880,9 2797,2
1880,9 2797,2
1880,2 2797,2
1880,2 2797,2
1880,2 2797,2
1879,7 2797,2
1879,7 2797,2
1879,7 2797,2
1888,5 2797,2
1888,0 2797,2
1888,0 2797,2
1887,5 2797,2
1886,8 2797,2
1886,8 2797,2
1886,3 2797,2
1885,3 2797,2
1885,3 2797,2
1885,1 2797,2
1885,1 2797,2
1885,1 2797,2
1884,1 2797,2
1883,3 2797,2
1883,3 2797,2
1883,3 2797,2
1883,1 2797,2
1883,1 2797,2
1882,8 2797,2
1882,8 2797,2
1882,8 2797,2
1882,8 2797,2
1882,8 2797,2
1882,3 2797,2
1881,4 2797,2
1881,1 2797,2
1881,1 2797,2
1880,9 2797,2
1880,9 2797,2
1880,9 2797,2
1880,9 2797,2
1880,6 2797,2
1880,4 2797,2
1880,1 2797,2
1880,1 2797,2
1880,1 2797,2
1879,6 2797,2
1879,1 2797,2
1879,1 2797,2
1889,5 2797,2
1889,0 2797,2
1889,0 2797,2
1889,0 2797,2
1889,0 2797,2
1889,0 2797,2
1888,3 2797,2
1888,3 2797,2
1888,3 2797,2
1888,3 2797,2
1888,3 2797,2
1888,3 2797,2
1888,3 2797,2
1888,0 2797,2
1887,8 2797,2
1887,5 2797,2
1887,3 2797,2
1887,3 2797,2
1887,0 2797,2
1887,0 2797,2
1887,0 2797,2
1886,8 2797,2
1886,5 2797,2
1885,8 2797,2
1885,8 2797,2
1885,1 2797,2
1885,1 2797,2
1884,1 2797,2
1883,4 2797,2
1883,1 2797,2
1882,6 2797,2
1882,6 2797,2
1882,6 2797,2
1882,6 2797,2
1882,6 2797,2
1882,6 2797,2
1882,4 2797,2
1882,4 2797,2
1882,4 2797,2
1882,4 2797,2
1882,4 2797,2
1882,4 2797,2
1882,4 2797,2
1882,1 2797,2
1881,9 2797,2
1881,9 2797,2
1881,9 2797,2
1881,6 2797,2
1881,6 2797,2
1881,6 2797,2
1881,6 2797,2
1880,9 2797,2
1880,9 2797,2
1880,4 2797,2
1879,9 2797,2
1879,9 2797,2
1879,9 2797,2
1879,9 2797,2
1879,9 2797,2
1879,9 2797,2
1879,7 2797,2
1879,7 2797,2
1889,8 2797,2
1888,8 2797,2
1888,8 2797,2
1888,3 2797,2
1888,1 2797,2
1888,1 2797,2
1887,1 2797,2
1886,9 2797,2
1886,9 2797,2
1886,9 2797,2
1886,4 2797,2
1886,1 2797,2
1886,1 2797,2
1886,1 2797,2
1886,1 2797,2
1886,1 2797,2
1886,1 2797,2
1886,1 2797,2
1885,6 2797,2
1885,6 2797,2
1885,6 2797,2
1885,6 2797,2
1885,6 2797,2
1885,6 2797,2
1885,6 2797,2
1885,4 2797,2
1885,4 2797,2
1885,4 2797,2
1885,1 2797,2
1885,1 2797,2
1885,1 2797,2
1885,1 2797,2
1885,1 2797,2
1884,7 2797,2
1883,9 2797,2
1883,7 2797,2
1883,4 2797,2
1893,5 2797,2
1892,7 2797,2
1891,5 2797,2
1891,3 2797,2
1891,0 2797,2
1891,0 2797,2
1890,5 2797,2
1890,5 2797,2
1888,8 2797,2
1888,8 2797,2
1888,6 2797,2
1888,3 2797,2
1888,3 2797,2
1887,8 2797,2
1887,8 2797,2
1887,8 2797,2
1887,8 2797,2
1887,8 2797,2
1887,8 2797,2
1887,8 2797,2
1887,8 2797,2
1887,6 2797,2
1887,1 2797,2
1886,4 2797,2
1885,6 2797,2
1884,6 2797,2
1884,4 2797,2
1884,4 2797,2
1884,1 2797,2
1884,1 2797,2
1883,9 2797,2
1883,6 2797,2
1894,1 2797,2
1893,9 2797,2
1893,9 2797,2
1893,1 2797,2
1893,1 2797,2
1892,7 2797,2
1891,7 2797,2
1891,4 2797,2
1890,2 2797,2
1889,9 2797,2
1889,7 2797,2
1889,7 2797,2
1888,5 2797,2
1914,3 2797,2
1909,7 2797,2
1906,7 2797,2
1906,5 2797,2
1906,2 2797,2
1896,4 2797,2
1883,6 2797,2
1882,9 2797,2
1882,6 2797,2
1882,4 2797,2
1882,1 2797,2
1881,9 2797,2
1881,6 2797,2
1881,6 2797,2
1881,4 2797,2
1881,4 2797,2
1881,1 2797,2
1880,9 2797,2
1880,2 2797,2
1880,2 2797,2
1880,2 2797,2
1880,2 2797,2
1880,2 2797,2
1880,2 2797,2
1880,2 2797,2
1880,2 2797,2
1880,2 2797,2
1880,2 2797,2
1880,2 2797,2
1880,2 2797,2
1877,7 2797,2
1877,7 2797,2
1877,7 2797,2
1877,7 2797,2
1877,5 2797,2
1877,2 2797,2
1876,7 2797,2
1876,5 2797,2
1876,2 2797,2
1876,2 2797,2
1876,2 2797,2
1875,2 2797,2
1875,0 2797,2
1874,8 2797,2
1874,3 2797,2
1874,0 2797,2
1874,0 2797,2
1874,0 2797,2
1874,0 2797,2
1874,0 2797,2
1874,0 2797,2
1874,0 2797,2
1874,0 2797,2
1874,0 2797,2
1873,8 2797,2
1873,8 2797,2
1873,8 2797,2
1873,8 2797,2
1873,8 2797,2
1873,8 2797,2
1873,8 2797,2
1873,8 2797,2
1873,8 2797,2
1873,8 2797,2
1873,8 2797,2
1873,8 2797,2
1883,5 2797,2
1883,1 2797,2
1882,8 2797,2
1881,6 2797,2
1881,3 2797,2
1880,8 2797,2
1889,4 2797,2
1888,4 2797,2
1887,7 2797,2
1887,2 2797,2
1886,7 2797,2
1885,9 2797,2
1885,7 2797,2
1885,7 2797,2
1885,2 2797,2
1885,0 2797,2
1884,2 2797,2
1882,5 2797,2
1881,5 2797,2
1881,0 2797,2
1880,3 2797,2
1879,5 2797,2
1878,6 2797,2
1877,8 2797,2
1877,6 2797,2
1877,3 2797,2
1877,3 2797,2
1877,1 2797,2
1876,8 2797,2
1876,8 2797,2
1876,6 2797,2
1876,6 2797,2
1876,1 2797,2
1875,4 2797,2
1875,4 2797,2
1875,4 2797,2
1875,4 2797,2
1875,4 2797,2
1875,1 2797,2
1874,9 2797,2
1874,9 2797,2
1874,4 2797,2
1873,9 2797,2
1873,9 2797,2
1873,9 2797,2
1884,1 2797,2
1883,8 2797,2
1882,8 2797,2
1882,6 2797,2
1882,6 2797,2
1882,6 2797,2
1881,3 2797,2
1881,3 2797,2
1881,3 2797,2
1880,9 2797,2
1880,9 2797,2
1880,9 2797,2
1881,6 2797,2
1891,8 2797,2
1890,1 2797,2
1890,1 2797,2
1889,9 2797,2
1888,4 2797,7
1887,7 2797,7
1887,7 2797,7
1887,4 2797,7
1887,2 2797,7
1887,2 2797,7
1887,2 2797,7
1886,7 2797,7
1886,2 2797,7
1885,4 2797,7
1885,4 2797,7
1885,4 2797,7
1885,2 2797,7
1884,7 2797,7
1884,5 2797,7
1883,5 2797,7
1882,7 2797,7
1882,5 2797,7
1881,8 2797,7
1881,8 2797,7
1881,8 2797,7
1881,5 2797,7
1881,5 2797,7
1881,5 2797,7
1881,5 2797,7
1881,3 2797,7
1881,3 2797,7
1881,3 2797,7
1881,0 2797,7
1881,0 2797,7
1880,8 2797,7
1880,8 2797,7
1880,8 2797,7
1880,5 2797,7
1880,5 2797,7
1880,0 2797,7
1880,0 2797,7
1880,0 2797,7
1879,3 2797,7
1878,3 2797,7
1878,1 2797,7
1877,6 2797,7
1877,6 2797,7
1877,6 2797,7
1877,6 2797,7
1877,6 2797,7
1877,6 2797,7
1877,6 2797,7
1877,6 2797,7
1877,3 2797,7
1877,3 2797,7
1877,1 2797,7
1877,1 2797,7
1877,1 2797,7
1877,1 2797,7
1877,1 2797,7
1877,1 2797,7
1877,1 2797,7
1876,8 2797,7
1876,8 2797,7
1876,8 2797,7
1876,8 2797,7
1876,6 2797,7
1875,4 2797,7
1875,4 2797,7
1875,4 2797,7
1875,4 2797,7
1875,4 2797,7
1875,4 2797,7
1875,1 2797,7
1874,6 2797,7
1874,6 2797,7
1874,4 2797,7
1874,1 2797,7
1874,1 2797,7
1874,1 2797,7
1874,1 2797,7
1874,1 2797,7
1873,2 2797,7
1873,2 2797,7
1873,2 2797,7
1873,2 2797,7
1873,2 2797,7
1873,2 2797,7
1873,2 2797,7
1872,9 2797,7
1872,9 2797,7
1872,9 2797,7
1872,7 2797,7
1872,7 2797,7
1882,0 2797,7
1881,7 2797,7
1880,7 2797,7
1880,7 2797,7
1880,5 2797,7
1880,5 2797,7
1880,0 2797,7
1879,5 2797,7
1879,5 2797,7
1878,0 2797,7
1878,0 2797,7
1877,8 2797,7
1874,3 2797,7
1873,3 2797,7
1872,4 2797,7
1871,1 2797,7
1870,6 2797,7
1869,9 2797,7
1896,2 2797,7
1896,2 2797,7
1896,0 2797,7
1904,1 2797,7
1904,1 2797,7
1904,1 2797,7
1904,1 2797,7
1903,9 2797,7
1903,9 2797,7
1903,9 2797,7
1903,9 2797,7
1903,6 2797,7
1903,6 2797,7
1903,4 2797,7
1902,2 2797,7
1902,2 2797,7
1898,0 2797,7
1890,1 2797,7
1872,6 2798,5
1872,1 2798,5
1871,7 2798,5
1870,9 2798,5
1870,7 2798,5
1870,7 2798,5
1870,7 2798,5
1869,9 2798,5
1869,7 2798,5
1878,6 2798,5
1877,9 2798,5
1877,4 2798,5
1877,2 2798,5
1876,7 2798,5
1876,4 2798,5
1876,4 2798,5
1876,2 2798,5
1875,2 2798,5
1874,5 2798,5
1874,0 2798,5
1874,0 2798,5
1873,0 2798,5
1873,0 2798,5
1873,0 2798,5
1873,0 2798,5
1872,7 2798,5
1871,8 2798,5
1871,5 2798,5
1871,5 2798,5
1870,8 2798,5
1870,8 2798,5
1870,8 2798,5
1870,8 2798,5
1870,3 2798,5
1869,5 2798,5
1868,6 2798,5
1867,8 2798,5
1867,6 2798,5
1867,3 2798,5
1867,3 2798,5
1867,3 2798,5
1866,6 2798,5
1866,6 2798,5
1866,1 2798,5
1866,1 2798,5
1866,1 2798,5
1866,1 2798,5
1865,8 2798,5
1876,1 2798,5
1875,6 2798,5
1875,6 2798,5
1875,1 2798,5
1874,6 2798,5
1874,4 2798,5
1873,9 2798,5
1873,6 2798,5
1873,6 2798,5
1873,4 2798,5
1873,4 2798,5
1872,4 2798,5
1872,4 2798,5
1872,4 2798,5
1870,7 2798,5
1869,5 2798,5
1869,5 2798,5
1869,0 2798,5
1869,0 2798,5
1869,0 2798,5
1868,7 2798,5
1867,5 2798,5
1867,5 2798,5
1866,8 2798,5
1875,4 2798,5
1875,4 2798,5
1874,4 2798,5
1874,2 2798,5
1874,0 2798,5
1874,0 2798,5
1873,2 2798,5
1873,0 2798,5
1873,0 2798,5
1872,7 2798,5
1872,7 2798,5
1872,2 2798,5
1872,2 2798,5
1872,2 2798,5
1872,2 2798,5
1872,2 2798,5
1872,0 2798,5
1871,0 2798,5
1870,8 2798,5
1870,8 2798,5
1870,8 2798,5
1870,8 2798,5
1870,5 2798,5
1870,0 2798,5
1878,7 2798,5
1878,4 2798,5
1877,7 2798,5
1877,4 2798,5
1877,2 2798,5
1876,7 2798,5
1876,7 2798,5
1876,7 2798,5
1876,2 2798,5
1875,9 2798,5
1875,9 2798,5
1875,0 2798,5
1874,2 2798,5
1873,5 2798,5
1872,5 2798,5
1872,0 2798,5
1871,8 2798,5
1871,0 2798,5
1879,1 2798,5
1879,1 2798,5
1878,6 2798,5
1877,6 2798,5
1877,1 2798,5
1876,6 2798,5
1875,9 2798,5
1875,9 2798,5
1875,9 2798,5
1875,4 2798,5
1875,4 2798,5
1874,9 2798,5
1874,6 2798,5
1874,6 2798,5
1874,6 2798,5
1874,6 2798,5
1874,6 2798,5
1874,6 2798,5
1874,6 2798,5
1874,6 2798,5
1874,6 2798,5
1874,6 2798,5
1874,6 2798,5
1874,6 2798,5
1874,4 2798,5
1874,4 2798,5
1874,4 2798,5
1873,9 2798,5
1873,7 2798,5
1873,2 2798,5
1873,2 2798,5
1872,9 2798,5
1872,7 2798,5
1872,2 2798,5
1872,2 2798,5
1871,9 2798,5
1871,7 2798,5
1871,7 2798,5
1871,2 2798,5
1871,2 2798,5
1871,2 2798,5
1871,0 2798,5
1869,7 2798,5
1866,3 2798,5
1866,3 2798,5
1876,8 2798,5
1876,8 2798,5
1876,5 2798,5
1875,8 2798,5
1875,8 2798,5
1875,8 2798,5
1875,1 2798,5
1875,1 2798,5
1873,8 2798,5
1872,8 2798,5
1872,8 2798,5
1872,8 2798,5
1872,8 2798,5
1872,8 2798,5
1871,9 2798,5
1871,6 2798,5
1871,1 2798,5
1870,6 2798,5
1869,6 2798,5
1869,4 2798,5
1868,7 2798,5
1868,7 2798,5
1868,7 2798,5
1868,7 2798,5
1868,2 2798,5
1868,2 2798,5
1868,2 2798,5
1867,7 2798,5
1867,7 2798,5
1867,4 2798,5
1867,2 2798,5
1867,2 2798,5
1866,2 2798,5
1866,0 2798,5
1866,0 2798,5
1865,0 2798,5
1864,7 2798,5
1864,7 2798,5
1864,7 2798,5
1864,5 2798,5
1864,5 2798,5
1864,5 2798,5
1864,5 2798,5
1864,5 2798,5
1864,5 2798,5
1864,5 2798,5
1864,5 2798,5
1864,2 2798,5
1864,2 2798,5
1864,2 2798,5
1864,2 2798,5
1864,2 2798,5
1864,2 2798,5
1864,0 2798,5
1864,0 2798,5
1864,0 2798,5
1862,8 2798,5
1862,8 2798,5
1862,5 2798,5
1871,3 2798,5
1871,3 2798,5
1871,3 2798,5
1870,0 2798,5
1870,0 2798,5
1869,8 2798,5
1867,8 2798,5
1867,8 2798,5
1867,8 2798,5
1875,1 2798,5
1874,3 2798,5
1874,3 2798,5
1873,6 2798,5
1873,6 2798,5
1873,4 2798,5
1870,9 2798,5
1870,9 2798,5
1870,7 2798,5
1870,2 2798,5
1870,2 2798,5
1869,7 2798,5
1878,2 2798,5
1878,2 2798,5
1878,0 2798,5
1876,8 2798,5
1876,8 2798,5
1876,5 2798,5
1876,5 2798,5
1876,5 2798,5
1876,3 2798,5
1875,5 2798,5
1875,5 2798,5
1874,6 2798,5
1874,3 2798,5
1874,1 2798,5
1873,8 2798,5
1872,8 2798,5
1872,8 2798,5
1872,8 2798,5
1871,4 2798,5
1870,9 2798,5
1870,9 2798,5
1870,1 2798,5
1869,9 2798,5
1869,9 2798,5
1869,4 2798,5
1869,4 2798,5
1869,4 2798,5
1869,4 2798,5
1869,4 2798,5
1869,4 2798,5
1869,1 2798,5
1869,1 2798,5
1869,1 2798,5
1866,7 2798,5
1865,2 2798,5
1865,0 2798,5
1864,7 2798,5
1864,7 2798,5
1864,5 2798,5
1864,2 2798,5
1864,0 2798,5
1864,0 2798,5
1873,5 2798,5
1873,0 2798,5
1872,7 2798,5
1871,5 2798,5
1871,5 2798,5
1871,5 2798,5
1870,5 2798,5
1870,5 2798,5
1870,0 2798,5
1869,8 2798,5
1869,8 2798,5
1869,8 2798,5
1869,5 2798,5
1869,5 2798,5
1869,5 2798,5
1869,0 2798,5
1869,0 2798,5
1868,5 2798,5
1868,5 2798,5
1868,5 2798,5
1868,5 2798,5
1868,3 2798,5
1868,3 2798,5
1868,3 2798,5
1868,1 2798,5
1868,1 2798,5
1867,3 2798,5
1867,3 2798,5
1867,3 2798,5
1867,1 2798,5
1866,8 2798,5
1866,8 2798,5
1866,6 2798,5
1866,3 2798,5
1866,3 2798,5
1866,3 2798,5
1865,8 2798,5
1865,8 2798,5
1865,8 2798,5
1865,3 2798,5
1865,1 2798,5
1865,1 2798,5
1865,1 2798,5
1865,1 2798,5
1865,1 2798,5
1865,1 2798,5
1865,1 2798,5
1874,7 2798,5
1874,7 2798,5
1874,7 2798,5
1874,2 2798,5
1873,7 2798,5
1873,2 2798,5
1872,9 2798,5
1872,0 2798,5
1872,0 2798,5
1882,2 2798,5
1880,4 2798,5
1880,4 2798,5
1880,4 2798,5
1880,2 2798,5
1880,2 2798,5
1879,7 2798,5
1879,7 2798,5
1879,7 2798,5
1879,7 2798,5
1879,7 2798,5
1879,2 2798,5
1879,2 2798,5
1879,2 2798,5
1879,0 2798,5
1878,5 2798,5
1878,5 2798,5
1878,2 2798,5
1878,2 2798,5
1878,2 2798,5
1878,0 2798,5
1877,7 2798,5
1877,7 2798,5
1877,5 2798,5
1877,0 2798,5
1877,0 2798,5
1876,3 2798,5
1876,3 2798,5
1876,0 2798,5
1876,0 2798,5
1876,0 2798,5
1874,8 2798,5
1874,3 2798,5
1873,8 2798,5
1873,6 2798,5
1872,8 2798,5
1871,9 2798,5
1871,6 2798,5
1871,6 2798,5
1871,1 2798,5
1869,6 2798,5
1869,6 2798,5
1878,7 2798,5
1877,4 2798,5
1877,4 2798,5
1876,7 2798,5
1876,2 2798,5
1876,2 2798,5
1875,5 2798,5
1875,2 2798,5
1875,2 2798,5
1874,5 2798,5
1874,0 2798,5
1874,0 2798,5
1874,0 2798,5
1874,0 2798,5
1874,0 2798,5
1874,0 2798,5
1873,5 2798,5
1873,5 2798,5
1873,5 2798,5
1873,0 2798,5
1872,0 2798,5
1871,5 2798,5
1871,5 2798,5
1871,5 2798,5
1871,5 2798,5
1871,3 2798,5
1871,0 2798,5
1870,5 2798,5
1869,8 2798,5
1869,8 2798,5
1869,3 2798,5
1877,6 2798,5
1877,1 2798,5
1876,1 2798,5
1875,3 2798,5
1874,8 2798,5
1874,6 2798,5
1874,1 2798,5
1873,6 2798,5
1873,6 2798,5
1873,1 2798,5
1873,1 2798,5
1873,1 2798,5
1873,1 2798,5
1872,9 2798,5
1872,9 2798,5
1872,9 2798,5
1872,9 2798,5
1872,9 2798,5
1872,9 2798,5
1872,6 2798,5
1872,6 2798,5
1872,6 2798,5
1871,6 2798,5
1871,6 2798,5
1870,9 2798,5
1870,9 2798,5
1870,9 2798,5
1870,9 2798,5
1870,9 2798,5
1870,9 2798,5
1870,7 2798,5
1870,2 2798,5
1869,9 2798,5
1869,7 2798,5
1869,7 2798,5
1869,7 2798,5
1868,2 2798,5
1867,5 2798,5
1867,2 2798,5
1866,7 2798,5
1865,7 2798,5
1865,5 2798,5
1865,0 2798,5
1864,8 2798,5
1864,3 2798,5
1864,3 2798,5
1863,8 2798,5
1863,8 2798,5
1863,8 2798,5
1863,8 2798,5
1863,8 2798,5
1863,8 2798,5
1863,8 2798,5
1863,8 2798,5
1863,8 2798,5
1863,8 2798,5
1863,8 2798,5
1863,8 2798,5
1863,8 2798,5
1863,8 2798,5
1863,3 2798,5
1862,8 2798,5
1862,5 2798,5
1862,5 2798,5
1862,1 2798,5
1862,1 2798,5
1871,0 2798,5
1870,8 2798,5
1870,3 2798,5
1869,6 2798,5
1869,6 2798,5
1869,6 2798,5
1869,6 2798,5
1869,3 2798,5
1879,6 2798,5
1878,8 2798,5
1878,3 2798,5
1877,8 2798,5
1877,6 2798,5
1877,4 2798,5
1876,9 2798,5
1876,6 2798,5
1875,4 2798,5
1875,4 2798,5
1874,6 2798,5
1874,4 2798,5
1874,4 2798,5
1874,4 2798,5
1874,4 2798,5
1874,4 2798,5
1874,2 2798,5
1874,2 2798,5
1874,2 2798,5
1873,4 2798,5
1873,4 2798,5
1873,4 2798,5
1872,2 2798,5
1872,2 2798,5
1872,2 2798,5
1871,0 2798,5
1871,0 2798,5
1871,0 2798,5
1869,2 2798,5
1868,7 2798,5
1868,2 2798,5
1868,0 2798,5
1867,8 2798,5
1867,8 2798,5
1867,3 2798,5
1867,3 2798,5
1867,3 2798,5
1867,3 2798,5
1867,3 2798,5
1867,3 2798,5
1867,3 2798,5
1867,3 2798,5
1867,3 2798,5
1867,0 2798,5
1867,0 2798,5
1867,0 2798,5
1867,0 2798,5
1867,0 2798,5
1867,0 2798,5
1867,0 2798,5
1867,0 2798,5
1867,0 2798,5
1867,0 2798,5
1867,0 2798,5
1867,0 2798,5
1867,0 2798,5
1866,8 2798,5
1866,8 2798,5
1866,8 2798,5
1866,8 2798,5
1866,0 2798,5
1866,0 2798,5
1865,3 2798,5
1865,3 2798,5
1864,6 2798,5
1864,6 2798,5
1864,6 2798,5
1873,7 2798,5
1873,0 2798,5
1873,0 2798,5
1872,2 2798,5
1871,8 2798,5
1871,8 2798,5
1871,8 2798,5
1871,8 2798,5
1871,8 2798,5
1870,5 2798,5
1870,5 2798,5
1870,0 2798,5
1867,8 2798,5
1867,8 2798,5
1867,8 2798,5
1867,3 2798,5
1867,3 2798,5
1867,3 2798,5
1867,3 2798,5
1867,3 2798,5
1867,1 2798,5
1866,6 2798,5
1866,8 2798,5
1866,6 2798,5
1866,6 2798,5
1866,6 2798,5
1866,6 2798,5
1864,9 2798,5
1864,9 2798,5
1864,6 2798,5
1864,1 2798,5
1864,1 2798,5
1864,1 2798,5
1864,1 2798,5
1864,1 2798,5
1863,9 2798,5
1872,9 2798,5
1872,9 2798,5
1872,9 2798,5
1872,4 2798,5
1872,2 2798,5
1872,2 2798,5
1871,0 2798,5
1871,0 2798,5
1871,0 2798,5
1871,0 2798,5
1871,0 2798,5
1871,0 2798,5
1871,0 2798,5
1871,0 2798,5
1871,0 2798,5
1871,0 2798,5
1871,0 2798,5
1871,0 2798,5
1870,7 2798,5
1870,7 2798,5
1870,7 2798,5
1870,7 2798,5
1870,7 2798,5
1870,7 2798,5
1870,7 2798,5
1870,5 2798,5
1870,5 2798,5
1869,7 2798,5
1869,7 2798,5
1869,7 2798,5
1869,7 2798,5
1869,7 2798,5
1869,7 2798,5
1869,5 2798,5
1869,5 2798,5
1869,5 2798,5
1869,2 2798,5
1869,2 2798,5
1868,5 2798,5
1868,0 2798,5
1868,0 2798,5
1868,0 2798,5
1867,3 2798,5
1867,3 2798,5
1867,3 2798,5
1867,3 2798,5
1867,3 2798,5
1867,3 2798,5
1867,3 2798,5
1867,3 2798,5
1867,3 2798,5
1867,0 2798,5
1867,0 2798,5
1867,0 2798,5
1873,7 2798,5
1873,7 2798,5
1873,7 2798,5
1870,0 2798,5
1870,0 2798,5
1870,0 2798,5
1869,0 2798,5
1869,0 2798,5
1869,0 2798,5
1867,0 2798,5
1867,0 2798,5
1867,0 2798,5
1867,0 2798,5
1867,0 2798,5
1867,0 2798,5
1867,0 2798,5
1867,0 2798,5
1867,0 2798,5
1867,0 2798,5
1867,0 2798,5
1867,0 2798,5
1867,0 2798,5
1867,0 2798,5
1867,0 2798,5
1867,0 2798,5
1867,0 2798,5
1867,0 2798,5
1866,8 2798,5
1866,8 2798,5
1866,0 2798,5
1875,3 2798,5
1875,0 2798,5
1874,3 2798,5
1873,5 2798,5
1873,5 2798,5
1873,5 2798,5
1872,6 2798,5
1871,8 2798,5
1871,3 2798,5
1871,1 2798,5
1870,6 2798,5
1870,1 2798,5
1870,1 2798,5
1870,1 2798,5
1870,1 2798,5
1869,9 2798,5
1869,9 2798,5
1869,9 2798,5
1869,1 2798,5
1868,4 2798,5
1868,4 2798,5
1868,4 2798,5
1868,4 2798,5
1868,4 2798,5
1868,4 2798,5
1868,4 2798,5
1868,4 2798,5
1866,4 2798,5
1866,2 2798,5
1866,2 2798,5
1865,4 2798,5
1865,4 2798,5
1864,9 2798,5
1864,9 2798,5
1864,9 2798,5
1864,9 2798,5
1864,9 2798,5
1864,9 2798,5
1864,9 2798,5
1864,9 2798,5
1864,9 2798,5
1864,9 2798,5
1864,4 2798,5
1864,2 2798,5
1863,9 2798,5
1872,7 2798,5
1872,4 2798,5
1872,2 2798,5
1871,0 2798,5
1871,0 2798,5
1871,0 2798,5
1870,0 2798,5
1870,0 2798,5
1870,0 2798,5
1869,3 2798,5
1869,3 2798,5
1869,3 2798,5
1868,5 2798,5
1868,5 2798,5
1868,5 2798,5
1867,5 2798,5
1867,5 2798,5
1867,5 2798,5
1867,5 2798,5
1867,5 2798,5
1867,5 2798,5
1875,3 2798,5
1874,8 2798,5
1874,8 2798,5
1874,4 2798,5
1874,1 2798,5
1874,1 2798,5
1873,1 2798,5
1872,9 2798,5
1872,9 2798,5
1872,9 2798,5
1872,9 2798,5
1872,6 2798,5
1872,6 2798,5
1872,6 2798,5
1872,6 2798,5
1872,1 2798,5
1871,4 2798,5
1871,4 2798,5
1871,4 2798,5
1871,4 2798,5
1871,2 2798,5
1870,4 2798,5
1870,4 2798,5
1869,9 2798,5
1869,4 2798,5
1869,4 2798,5
1869,2 2798,5
1868,2 2798,5
1868,2 2798,5
1867,7 2798,5
1867,5 2798,5
1867,5 2798,5
1867,5 2798,5
1866,5 2798,5
1866,5 2798,5
1866,5 2798,5
1865,5 2798,5
1865,5 2798,5
1865,5 2798,5
1875,7 2798,5
1875,7 2798,5
1875,7 2798,5
1875,3 2798,5
1875,3 2798,5
1875,3 2798,5
1874,0 2798,5
1874,0 2798,5
1874,0 2798,5
1873,5 2798,5
1873,3 2798,5
1873,3 2798,5
1872,3 2798,5
1872,3 2798,5
1872,3 2798,5
1880,3 2798,5
1880,3 2798,5
1880,3 2798,5
1879,3 2798,5
1879,3 2798,5
1879,3 2798,5
1876,6 2798,5
1876,4 2798,5
1876,1 2798,5
1874,1 2798,5
1874,1 2798,5
1874,1 2798,5
1874,1 2798,5
1874,1 2798,5
1873,9 2798,5
1873,2 2798,5
1872,7 2798,5
1887,2 2798,5
1895,8 2798,5
1895,8 2798,5
1894,6 2798,5
1894,6 2798,5
1894,6 2798,5
1894,6 2798,5
1894,6 2798,5
1894,6 2798,5
1894,6 2798,5
1894,6 2798,5
1894,6 2798,5
1894,6 2798,5
1894,6 2798,5
1894,3 2798,5
1894,3 2798,5
1894,3 2798,5
1894,3 2798,5
1894,3 2798,5
1893,8 2798,5
1893,8 2798,5
1893,8 2798,5
1893,8 2798,5
1893,8 2798,5
1893,8 2798,5
1893,6 2798,5
1893,6 2798,5
1893,3 2798,5
1892,6 2798,5
1892,1 2798,5
1892,1 2798,5
1891,9 2798,5
1891,4 2798,5
1891,4 2798,5
1891,1 2798,5
1890,6 2798,5
1890,6 2798,5
1890,1 2798,5
1890,1 2798,5
1890,1 2798,5
1899,3 2798,5
1898,5 2798,5
1898,5 2798,5
1898,0 2798,5
1898,0 2798,5
1898,0 2798,5
1897,8 2798,5
1897,8 2798,5
1897,8 2798,5
1896,8 2798,5
1896,1 2798,5
1896,1 2798,5
1894,6 2798,5
1894,1 2798,5
1894,1 2798,5
1893,1 2798,5
1892,9 2798,5
1892,9 2798,5
1891,9 2798,5
1891,1 2798,5
1891,1 2798,5
1891,1 2798,5
1891,1 2798,5
1891,1 2798,5
1891,1 2798,5
1891,1 2798,5
1891,1 2798,5
1891,1 2798,5
1891,1 2798,5
1891,1 2798,5
1891,1 2798,5
1891,1 2798,5
1891,1 2798,5
1891,1 2798,5
1891,1 2798,5
1891,1 2798,5
1890,4 2798,5
1890,4 2798,5
1890,4 2798,5
1890,4 2798,5
1890,4 2798,5
1890,4 2798,5
1882,3 2798,5
1876,9 2798,5
1876,6 2798,5
1875,4 2798,5
1875,2 2798,5
1875,2 2798,5
1874,4 2798,7
1874,4 2798,7
1874,4 2798,7
1866,8 2799,2
1866,5 2799,2
1866,0 2799,2
1864,3 2799,2
1864,3 2799,2
1863,6 2799,2
1862,4 2799,2
1862,4 2799,2
1862,4 2799,2
1859,6 2799,2
1859,4 2799,2
1859,4 2799,2
1859,4 2799,2
1859,4 2799,2
1859,4 2799,2
1859,4 2799,2
1859,4 2799,2
1859,4 2799,2
1857,2 2799,2
1857,2 2799,2
1857,2 2799,2
1865,9 2799,2
1865,9 2799,2
1865,9 2799,2
1864,7 2799,2
1864,7 2799,2
1864,7 2799,2
1863,2 2799,2
1863,2 2799,2
1863,2 2799,2
1861,3 2799,2
1861,0 2799,2
1861,0 2799,2
1860,5 2799,2
1860,3 2799,2
1860,3 2799,2
1860,3 2799,2
1860,3 2799,2
1860,3 2799,2
1860,0 2799,2
1859,5 2799,2
1859,5 2799,2
1867,8 2799,2
1867,6 2799,2
1867,6 2799,2
1866,8 2799,2
1866,3 2799,2
1866,3 2799,2
1866,1 2799,2
1866,1 2799,2
1866,1 2799,2
1865,3 2799,2
1863,6 2799,2
1863,6 2799,2
1862,9 2799,2
1862,4 2799,2
1862,4 2799,2
1862,4 2799,2
1861,9 2799,2
1861,9 2799,2
1861,9 2799,2
1861,9 2799,2
1861,9 2799,2
1861,6 2799,2
1861,2 2799,2
1861,2 2799,2
1860,2 2799,2
1859,7 2799,2
1859,7 2799,2
1821,8 2799,2
1818,3 2799,2
1818,3 2799,2
1756,5 2799,2
1754,3 2799,2
1754,3 2799,2
1808,6 2799,2
1807,6 2799,2
1807,6 2799,2
1807,3 2799,2
1807,3 2799,2
1807,3 2799,2
1807,3 2799,2
1807,3 2799,2
1807,3 2799,2
1806,8 2799,2
1806,1 2799,2
1806,1 2799,2
1805,4 2799,2
1805,4 2799,2
1805,4 2799,2
1803,4 2799,2
1803,1 2799,2
1803,1 2799,2
1801,9 2799,2
1801,9 2799,2
1801,9 2799,2
1800,4 2799,2
1800,2 2799,2
1800,2 2799,2
1800,2 2799,2
1799,7 2799,2
1799,7 2799,2
1799,4 2799,2
1799,2 2799,2
1799,2 2799,2
1799,2 2799,2
1798,7 2799,2
1798,7 2799,2
1798,7 2799,2
1798,2 2799,2
1798,2 2799,2
1798,2 2799,2
1798,2 2799,2
1798,2 2799,2
1798,0 2799,2
1797,7 2799,2
1797,7 2799,2
1797,7 2799,2
1797,5 2799,2
1797,5 2799,2
1797,0 2799,2
1796,3 2799,2
1796,3 2799,2
1796,0 2799,2
1796,0 2799,2
1796,0 2799,2
1796,0 2799,2
1794,5 2799,2
1794,5 2799,2
1794,5 2799,2
1794,3 2799,2
1794,3 2799,2
1793,8 2799,2
1793,5 2799,2
1793,5 2799,2
1792,6 2799,2
1792,6 2799,2
1792,6 2799,2
1792,1 2799,2
1791,8 2799,2
1791,8 2799,2
1791,8 2799,2
1791,8 2799,2
1791,8 2799,2
1789,4 2799,2
1788,9 2799,2
1788,9 2799,2
1788,5 2799,2
1798,2 2799,2
1798,2 2799,2
1797,5 2799,2
1797,2 2799,2
1797,2 2799,2
1797,2 2799,2
1797,2 2799,2
1797,2 2799,2
1797,0 2799,2
1796,8 2799,2
1796,8 2799,2
1796,3 2799,2
1796,3 2799,2
1796,3 2799,2
1796,3 2799,2
1795,5 2799,2
1795,5 2799,2
1803,4 2799,2
1802,7 2799,2
1802,7 2799,2
1801,4 2799,2
1800,2 2799,2
1800,2 2799,2
1799,7 2799,2
1798,5 2799,2
1798,5 2799,2
1807,1 2799,2
1807,1 2799,2
1807,1 2799,2
1807,1 2799,2
1806,8 2799,2
1806,8 2799,2
1806,1 2799,2
1805,8 2799,2
1805,8 2799,2
1805,1 2799,2
1804,8 2799,2
1804,8 2799,2
1804,4 2799,2
1804,4 2799,2
1804,4 2799,2
1801,4 2799,2
1801,4 2799,2
1801,4 2799,2
1801,4 2799,2
1801,4 2799,2
1801,4 2799,2
1800,9 2799,2
1800,9 2799,2
1800,9 2799,2
1800,7 2799,2
1800,7 2799,2
1800,7 2799,2
1800,2 2799,2
1800,2 2799,2
1800,2 2799,2
1799,9 2799,2
1799,7 2799,2
1799,4 2799,2
1798,5 2799,2
1798,5 2799,2
1798,5 2799,2
1798,5 2799,2
1798,5 2799,2
1798,5 2799,2
1798,2 2799,2
1798,2 2799,2
1798,0 2799,2
1798,0 2799,2
1798,0 2799,2
1798,0 2799,2
1798,0 2799,2
1798,0 2799,2
1798,0 2799,2
1797,5 2799,2
1797,5 2799,2
1797,5 2799,2
1797,5 2799,2
1797,5 2799,2
1797,5 2799,2
1807,2 2799,2
1807,2 2799,2
1807,2 2799,2
1806,5 2799,2
1806,5 2799,2
1806,5 2799,2
1806,0 2799,2
1806,0 2799,2
1806,0 2799,2
1802,8 2799,2
1802,8 2799,2
1802,8 2799,2
1802,0 2799,2
1802,0 2799,2
1802,0 2799,2
1801,8 2799,2
1801,5 2799,2
1801,5 2799,2
1800,3 2799,2
1799,3 2799,2
1799,3 2799,2
1797,1 2799,2
1795,6 2799,2
1795,6 2799,2
1794,9 2799,2
1794,4 2799,2
1794,4 2799,2
1794,4 2799,2
1792,2 2799,2
1801,7 2799,2
1800,3 2799,2
1800,0 2799,2
1800,0 2799,2
1799,5 2799,2
1798,8 2799,2
1798,8 2799,2
1798,3 2799,2
1796,8 2799,2
1796,8 2799,2
1796,1 2799,2
1795,8 2799,2
1795,8 2799,2
1795,6 2799,2
1794,9 2799,2
1794,1 2799,2
1803,6 2799,2
1801,6 2799,2
1800,4 2799,2
1799,9 2799,2
1798,9 2799,2
1797,7 2799,2
1796,9 2799,2
1796,9 2799,2
1796,7 2799,2
1796,7 2799,2
1796,5 2799,2
1796,5 2799,2
1796,5 2799,2
1796,2 2799,2
1796,2 2799,2
1796,2 2799,2
1805,9 2799,2
1805,2 2799,2
1804,2 2799,2
1803,7 2799,2
1803,7 2799,2
1803,7 2799,2
1803,7 2799,2
1803,7 2799,2
1803,7 2799,2
1803,2 2799,2
1802,2 2799,2
1802,0 2799,2
1802,0 2799,2
1801,5 2799,2
1800,3 2799,2
1800,0 2799,2
1800,0 2799,2
1799,8 2799,2
1799,8 2799,2
1799,8 2799,2
1799,5 2799,2
1799,1 2799,2
1799,1 2799,2
1798,8 2799,2
1798,8 2799,2
1798,8 2799,2
1798,6 2799,2
1798,6 2799,2
1798,3 2799,2
1797,3 2799,2
1797,3 2799,2
1797,3 2799,2
1796,1 2799,2
1796,1 2799,2
1796,1 2799,2
1795,9 2799,2
1795,9 2799,2
1795,6 2799,2
1794,9 2799,2
1794,6 2799,2
1794,6 2799,2
1794,4 2799,2
1793,6 2799,2
1792,9 2799,2
1792,8 2799,2
1802,7 2799,2
1801,4 2799,2
1799,9 2799,2
1799,5 2799,2
1798,2 2799,2
1797,2 2799,2
1797,2 2799,2
1796,8 2799,2
1796,5 2799,2
1796,3 2799,2
1796,0 2799,2
1795,5 2799,2
1795,5 2799,2
1795,5 2799,2
1795,0 2799,2
1794,5 2799,2
1794,3 2799,2
1794,3 2799,2
1794,0 2799,2
1794,0 2799,2
1794,0 2799,2
1794,0 2799,2
1794,0 2799,2
1794,0 2799,2
1794,0 2799,2
1793,8 2799,2
1793,8 2799,2
1793,8 2799,2
1793,8 2799,2
1793,6 2799,2
1793,3 2799,2
1793,3 2799,2
1793,3 2799,2
1803,1 2799,2
1803,1 2799,2
1803,1 2799,2
1802,9 2799,2
1802,4 2799,2
1801,6 2799,2
1801,4 2799,2
1801,1 2799,2
1801,1 2799,2
1801,1 2799,2
1800,6 2799,2
1799,9 2799,2
1799,9 2799,2
1798,9 2799,2
1798,4 2799,2
1798,4 2799,2
1798,4 2799,2
1798,4 2799,2
1798,2 2799,2
1797,7 2799,2
1797,4 2799,2
1797,2 2799,2
1797,0 2799,2
1796,2 2799,2
1794,5 2799,2
1794,0 2799,2
1794,0 2799,2
1792,5 2799,2
1792,0 2799,2
1792,0 2799,2
1791,8 2799,2
1791,8 2799,2
1791,8 2799,2
1801,4 2799,2
1801,0 2799,2
1801,0 2799,2
1800,7 2799,2
1799,7 2799,2
1799,7 2799,2
1799,2 2799,2
1798,2 2799,2
1799,8 2799,2
1808,1 2799,2
1808,1 2799,2
1807,1 2799,2
1806,1 2799,2
1806,1 2799,2
1806,1 2799,2
1805,9 2799,2
1805,9 2799,2
1805,9 2799,2
1805,1 2799,2
1805,1 2799,2
1804,2 2799,2
1802,4 2799,2
1802,4 2799,2
1801,7 2799,2
1801,7 2799,2
1801,7 2799,2
1801,5 2799,2
1812,5 2799,2
1812,5 2799,2
1812,3 2799,2
1811,8 2799,5
1811,8 2799,5
1811,8 2799,5
1811,0 2799,5
1811,0 2799,5
1810,3 2799,5
1810,0 2799,5
1810,0 2799,5
1809,8 2799,5
1809,5 2799,5
1809,5 2799,5
1809,3 2799,5
1808,1 2799,5
1808,1 2799,5
1808,1 2799,5
1803,9 2799,5
1803,9 2799,5
1803,9 2799,5
1802,4 2799,5
1802,4 2799,5
1801,9 2799,5
1800,7 2799,5
1800,0 2799,5
1800,0 2799,5
1803,6 2799,7
1802,3 2799,7
1801,8 2799,7
1799,9 2799,7
1799,4 2799,7
1799,1 2799,7
1785,6 2799,7
1781,2 2799,7
1778,0 2799,7
1794,3 2799,7
1793,8 2799,7
1793,3 2799,7
1793,1 2799,7
1793,1 2799,7
1793,1 2799,7
1792,8 2799,7
1792,8 2799,7
1792,8 2799,7
1792,1 2799,7
1792,1 2799,7
1792,1 2799,7
1791,6 2799,7
1791,6 2799,7
1791,6 2799,7
1789,6 2799,7
1788,9 2799,7
1788,9 2799,7
1788,4 2799,7
1788,2 2799,7
1788,2 2799,7
1788,2 2799,7
1788,2 2799,7
1788,2 2799,7
1788,2 2799,7
1787,4 2799,7
1787,4 2799,7
1786,9 2799,7
1786,9 2799,7
1786,9 2799,7
1786,7 2799,7
1786,7 2799,7
1786,7 2799,7
1796,1 2799,7
1793,8 2799,7
1793,8 2799,7
1793,8 2799,7
1793,4 2799,7
1793,4 2799,7
1792,4 2799,7
1792,1 2799,7
1792,1 2799,7
1801,7 2799,7
1800,5 2799,7
1800,5 2799,7
1799,2 2799,7
1798,7 2799,7
1798,7 2799,7
1797,8 2800,0
1797,5 2800,0
1797,5 2800,0
1808,2 2800,0
1806,7 2800,0
1806,0 2800,0
1805,3 2800,2
1802,8 2800,2
1802,3 2800,2
1800,8 2800,2
1800,8 2800,2
1800,8 2800,2
1800,1 2800,2
1799,6 2800,2
1799,6 2800,2
1799,6 2800,2
1799,6 2800,2
1799,6 2800,2
1781,2 2800,2
1775,0 2800,2
1774,5 2800,2
1794,5 2800,2
1794,5 2800,2
1794,5 2800,2
1793,1 2800,2
1792,8 2800,2
1792,8 2800,2
1792,3 2800,2
1792,1 2800,2
1792,1 2800,2
1791,8 2800,2
1791,8 2800,2
1791,8 2800,2
1801,1 2800,2
1800,8 2800,2
1800,8 2800,2
1810,3 2800,2
1808,8 2800,2
1808,8 2800,2
1804,9 2800,2
1803,9 2800,2
1803,9 2800,2
1803,9 2800,2
1803,6 2800,2
1803,6 2800,2
1801,7 2800,2
1800,7 2800,2
1800,7 2800,2
1800,7 2800,2
1800,7 2800,2
1800,7 2800,2
1802,4 2800,2
1802,2 2800,2
1802,2 2800,2
1801,7 2800,2
1801,7 2800,2
1801,7 2800,2
1801,7 2800,2
1801,2 2800,2
1801,2 2800,2
1800,9 2800,2
1800,9 2800,2
1800,9 2800,2
1798,0 2800,2
1798,7 2800,2
1798,2 2800,2
1797,8 2800,2
1797,8 2800,2
1797,8 2800,2
1797,0 2800,2
1796,3 2800,2
1796,3 2800,2
1795,5 2800,2
1795,5 2800,2
1795,5 2800,2
1794,3 2800,2
1794,3 2800,2
1794,3 2800,2
1794,3 2800,2
1794,3 2800,2
1794,3 2800,2
1794,3 2800,2
1794,3 2800,2
1794,3 2800,2
1794,3 2800,2
1794,3 2800,2
1794,3 2800,2
1794,3 2800,2
1794,3 2800,2
1794,3 2800,2
1794,1 2800,2
1793,8 2800,2
1793,8 2800,2
1793,6 2800,2
1793,4 2800,2
1793,4 2800,2
1793,4 2800,2
1793,4 2800,2
1793,4 2800,2
1792,9 2800,2
1792,9 2800,2
1792,1 2800,2
1792,1 2800,2
1792,1 2800,2
1792,1 2800,2
1801,9 2800,2
1801,9 2800,2
1801,9 2800,2
1801,6 2800,2
1800,7 2800,2
1800,7 2800,2
1800,7 2800,2
1800,7 2800,2
1800,7 2800,2
1800,4 2800,2
1799,4 2800,2
1799,4 2800,2
1799,2 2800,2
1798,9 2800,2
1798,9 2800,2
1798,9 2800,2
1798,7 2800,2
1798,7 2800,2
1798,7 2800,2
1798,4 2800,2
1798,4 2800,2
1798,4 2800,2
1797,7 2800,2
1797,7 2800,2
1797,7 2800,2
1797,5 2800,2
1797,5 2800,2
1797,5 2800,2
1797,5 2800,2
1797,5 2800,2
1797,5 2800,2
1797,0 2800,2
1797,0 2800,2
1796,5 2800,2
1795,2 2800,2
1795,2 2800,2
1795,0 2800,2
1794,5 2800,2
1794,5 2800,2
1794,3 2800,2
1794,3 2800,2
1794,3 2800,2
1803,8 2800,2
1803,3 2800,2
1803,3 2800,2
1803,1 2800,2
1803,1 2800,2
1803,1 2800,2
1802,3 2800,2
1802,3 2800,2
1802,3 2800,2
1802,3 2800,2
1801,6 2800,2
1801,6 2800,2
1800,6 2800,2
1800,6 2800,2
1800,6 2800,2
1805,7 2800,2
1805,7 2800,2
1805,7 2800,2
1805,0 2800,2
1805,0 2800,2
1805,0 2800,2
1804,0 2800,2
1804,0 2800,2
1804,0 2800,2
1803,0 2800,2
1803,0 2800,2
1803,0 2800,2
1802,0 2800,2
1801,5 2800,2
1801,3 2800,2
1799,6 2800,2
1799,3 2800,2
1799,3 2800,2
1798,6 2800,2
1798,6 2800,2
1798,3 2800,2
1798,1 2800,2
1797,9 2800,2
1797,9 2800,2
1797,4 2800,2
1797,1 2800,2
1797,1 2800,2
1796,1 2800,2
1796,1 2800,2
1796,1 2800,2
1795,9 2800,2
1795,9 2800,2
1795,9 2800,2
1795,9 2800,2
1795,9 2800,2
1795,9 2800,2
1795,9 2800,2
1795,6 2800,2
1795,4 2800,2
1795,2 2800,2
1795,2 2800,2
1794,9 2800,2
1802,7 2800,2
1802,7 2800,2
1802,7 2800,2
1802,7 2800,2
1802,7 2800,2
1801,7 2800,2
1801,4 2800,2
1801,4 2800,2
1801,2 2800,2
1801,0 2800,2
1801,0 2800,2
1801,0 2800,2
1800,7 2800,2
1800,7 2800,2
1799,7 2800,2
1799,5 2800,2
1799,5 2800,2
1799,0 2800,2
1799,0 2800,2
1799,0 2800,2
1799,0 2800,2
1799,0 2800,2
1799,0 2800,2
1798,7 2800,2
1798,7 2800,2
1798,7 2800,2
1798,7 2800,2
1798,3 2800,2
1798,3 2800,2
1798,3 2800,2
1797,0 2800,2
1797,0 2800,2
1805,3 2800,2
1803,9 2800,2
1803,9 2800,2
1803,6 2800,2
1802,9 2800,2
1802,9 2800,2
1802,1 2800,2
1801,9 2800,2
1801,9 2800,2
1801,4 2800,2
1800,9 2800,2
1800,9 2800,2
1800,7 2800,2
1799,7 2800,2
1799,7 2800,2
1799,7 2800,2
1799,4 2800,2
1799,4 2800,2
1799,4 2800,2
1799,4 2800,2
1799,4 2800,2
1809,2 2800,2
1807,5 2800,2
1807,5 2800,2
1807,0 2800,2
1806,2 2800,2
1806,2 2800,2
1805,5 2800,2
1804,8 2800,2
1804,8 2800,2
1804,5 2800,2
1804,5 2800,2
1804,5 2800,2
1804,5 2800,2
1804,5 2800,2
1804,5 2800,2
1804,3 2800,2
1804,3 2800,2
1804,0 2800,2
1803,5 2800,2
1803,5 2800,2
1803,5 2800,2
1802,3 2800,2
1802,0 2800,2
1801,8 2800,2
1800,1 2800,2
1799,3 2800,2
1799,3 2800,2
1798,1 2800,2
1797,9 2800,2
1797,9 2800,2
1797,6 2800,2
1797,6 2800,2
1797,6 2800,2
1797,6 2800,2
1797,4 2800,2
1797,4 2800,2
1797,1 2800,2
1797,1 2800,2
1797,1 2800,2
1797,1 2800,2
1797,1 2800,2
1797,1 2800,2
1795,7 2800,2
1794,9 2800,2
1794,9 2800,2
1794,7 2800,2
1794,4 2800,2
1794,4 2800,2
1794,2 2800,2
1793,9 2800,2
1793,9 2800,2
1792,7 2800,2
1792,0 2800,2
1791,5 2800,2
1799,1 2800,2
1798,9 2800,2
1798,9 2800,2
1797,6 2800,2
1797,6 2800,2
1797,4 2800,2
1797,2 2800,2
1796,9 2800,2
1796,7 2800,2
1796,7 2800,2
1796,7 2800,2
1796,7 2800,2
1805,2 2800,2
1805,2 2800,2
1804,7 2800,2
1804,5 2800,2
1804,5 2800,2
1804,0 2800,2
1804,0 2800,2
1804,0 2800,2
1803,7 2800,2
1803,3 2800,2
1803,3 2800,2
1802,5 2800,2
1801,0 2800,2
1801,0 2800,2
1800,8 2800,2
1800,8 2800,2
1800,8 2800,2
1800,8 2800,2
1800,8 2800,2
1800,8 2800,2
1800,8 2800,2
1800,8 2800,2
1800,8 2800,2
1800,8 2800,2
1799,6 2800,2
1799,6 2800,2
1799,6 2800,2
1799,3 2800,2
1799,3 2800,2
1799,3 2800,2
1798,1 2800,2
1798,1 2800,2
1798,1 2800,2
1796,1 2800,2
1796,1 2800,2
1796,1 2800,2
1794,6 2800,2
1794,6 2800,2
1794,6 2800,2
1794,4 2800,2
1794,4 2800,2
1794,4 2800,2
1793,9 2800,2
1793,9 2800,2
1793,2 2800,2
1793,2 2800,2
1793,2 2800,2
1793,2 2800,2
1792,2 2800,2
1792,2 2800,2
1792,2 2800,2
1792,2 2800,2
1792,2 2800,2
1792,2 2800,2
1791,7 2800,2
1791,7 2800,2
1791,7 2800,2
1790,0 2800,2
1789,5 2800,2
1789,5 2800,2
1798,1 2800,2
1796,6 2800,2
1796,3 2800,2
1796,1 2800,2
1796,1 2800,2
1795,6 2800,2
1794,9 2800,2
1794,9 2800,2
1793,4 2800,2
1792,9 2800,2
1792,9 2800,2
1792,7 2800,2
1792,2 2800,2
1792,2 2800,2
1791,7 2800,2
1791,4 2800,2
1791,4 2800,2
1791,4 2800,2
1791,2 2800,2
1791,2 2800,2
1791,2 2800,2
1800,4 2800,2
1800,4 2800,2
1800,4 2800,2
1800,4 2800,2
1800,4 2800,2
1800,4 2800,2
1800,4 2800,2
1800,4 2800,2
1800,4 2800,2
1800,4 2800,2
1800,4 2800,2
1800,4 2800,2
1800,4 2800,2
1800,4 2800,2
1800,2 2800,2
1800,2 2800,2
1800,2 2800,2
1799,9 2800,2
1799,0 2800,2
1799,0 2800,2
1799,0 2800,2
1798,7 2800,2
1798,5 2800,2
1798,5 2800,2
1797,2 2800,2
1797,2 2800,2
1797,2 2800,2
1797,0 2800,2
1797,0 2800,2
1797,0 2800,2
1797,0 2800,2
1797,0 2800,2
1797,0 2800,2
1797,0 2800,2
1797,0 2800,2
1797,0 2800,2
1795,8 2800,2
1795,8 2800,2
1795,8 2800,2
1795,3 2800,2
1794,8 2800,2
1794,8 2800,2
1793,8 2800,2
1793,6 2800,2
1793,6 2800,2
1792,6 2800,2
1791,8 2800,2
1791,8 2800,2
1800,8 2800,2
1800,6 2800,2
1800,6 2800,2
1806,5 2800,2
1806,5 2800,2
1806,5 2800,2
1805,8 2800,2
1805,8 2800,2
1805,8 2800,2
1804,8 2800,2
1804,8 2800,2
1804,8 2800,2
1803,8 2800,2
1803,8 2800,2
1803,8 2800,2
1803,3 2800,2
1803,3 2800,2
1803,3 2800,2
1803,3 2800,2
1802,6 2800,2
1802,6 2800,2
1801,1 2800,2
1800,6 2800,2
1800,6 2800,2
1799,9 2800,2
1799,9 2800,2
1799,9 2800,2
1799,1 2800,2
1798,9 2800,2
1798,9 2800,2
1797,9 2800,2
1797,6 2800,2
1797,6 2800,2
1796,7 2800,2
1796,7 2800,2
1796,7 2800,2
1796,4 2800,2
1796,4 2800,2
1796,4 2800,2
1796,4 2800,2
1796,4 2800,2
1796,4 2800,2
1796,2 2800,2
1796,2 2800,2
1796,2 2800,2
1795,7 2800,2
1795,7 2800,2
1795,7 2800,2
1795,7 2800,2
1795,7 2800,2
1795,7 2800,2
1795,7 2800,2
1795,7 2800,2
1795,4 2800,2
1795,4 2800,2
1795,4 2800,2
1795,2 2800,2
1794,4 2800,2
1794,0 2800,2
1794,0 2800,2
1793,5 2800,2
1792,7 2800,2
1792,7 2800,2
1791,7 2800,2
1791,2 2800,2
1791,2 2800,2
1799,7 2800,2
1798,9 2800,2
1798,9 2800,2
1798,2 2800,2
1797,7 2800,2
1797,7 2800,2
1797,0 2800,2
1796,0 2800,2
1796,0 2800,2
1794,3 2800,2
1794,0 2800,2
1794,0 2800,2
1801,3 2800,2
1801,3 2800,2
1800,8 2800,2
1799,1 2800,2
1798,6 2800,2
1798,6 2800,2
1797,8 2800,2
1797,6 2800,2
1797,6 2800,2
1796,4 2800,2
1796,1 2800,2
1796,1 2800,2
1805,2 2800,2
1804,0 2800,2
1803,5 2800,2
1802,5 2800,2
1802,3 2800,2
1802,3 2800,2
1801,5 2800,2
1801,3 2800,2
1801,3 2800,2
1801,3 2800,2
1801,3 2800,2
1801,3 2800,2
1800,6 2800,2
1800,6 2800,2
1800,6 2800,2
1799,8 2800,2
1799,8 2800,2
1799,8 2800,2
1797,6 2800,2
1797,6 2800,2
1797,6 2800,2
1796,9 2800,2
1796,9 2800,2
1796,9 2800,2
1795,9 2800,2
1795,6 2800,2
1795,9 2800,2
1795,4 2800,2
1795,4 2800,2
1795,4 2800,2
1794,6 2800,2
1794,6 2800,2
1794,6 2800,2
1794,4 2800,2
1794,4 2800,2
1794,4 2800,2
1791,2 2800,2
1791,2 2800,2
1791,2 2800,2
1790,2 2800,2
1790,2 2800,2
1790,2 2800,2
1790,2 2800,2
1790,2 2800,2
1790,2 2800,2
1790,0 2800,2
1790,0 2800,2
1790,0 2800,2
1790,0 2800,2
1790,0 2800,2
1790,0 2800,2
1799,0 2800,2
1799,0 2800,2
1799,0 2800,2
1799,0 2800,2
1799,0 2800,2
1799,0 2800,2
1799,0 2800,2
1799,0 2800,2
1799,0 2800,2
1798,5 2800,2
1798,5 2800,2
1798,5 2800,2
1798,3 2800,2
1798,3 2800,2
1798,3 2800,2
1797,8 2800,2
1797,3 2800,2
1797,1 2800,2
1796,6 2800,2
1796,6 2800,2
1796,6 2800,2
1796,3 2800,2
1796,3 2800,2
1796,3 2800,2
1796,3 2800,2
1796,3 2800,2
1796,3 2800,2
1795,8 2800,2
1795,6 2800,2
1795,6 2800,2
1794,9 2800,2
1794,9 2800,2
1794,9 2800,2
1794,9 2800,2
1794,9 2800,2
1794,9 2800,2
1794,9 2800,2
1794,9 2800,2
1794,9 2800,2
1794,9 2800,2
1794,6 2800,2
1794,6 2800,2
1794,1 2800,2
1794,1 2800,2
1794,1 2800,2
1793,9 2800,2
1793,6 2800,2
1793,6 2800,2
1793,6 2800,2
1793,1 2800,2
1793,1 2800,2
1792,6 2800,2
1792,2 2800,2
1792,2 2800,2
1791,9 2800,2
1791,9 2800,2
1791,4 2800,2
1791,2 2800,2
1791,2 2800,2
1791,2 2800,2
1791,2 2800,2
1791,2 2800,2
1791,2 2800,2
1790,7 2800,2
1790,2 2800,2
1790,2 2800,2
1789,7 2800,2
1789,7 2800,2
1788,7 2800,2
1798,0 2800,2
1797,0 2800,2
1796,8 2800,2
1796,0 2800,2
1795,6 2800,2
1795,3 2800,2
1794,6 2800,2
1794,1 2800,2
1793,6 2800,2
1792,4 2800,2
1790,6 2800,2
1790,6 2800,2
1790,4 2800,2
1789,9 2800,2
1789,9 2800,2
1789,9 2800,2
1789,4 2800,2
1789,4 2800,2
1789,4 2800,2
1789,4 2800,2
1789,4 2800,2
1789,4 2800,2
1789,2 2800,2
1788,7 2800,2
1788,2 2800,2
1787,9 2800,2
1787,4 2800,2
1787,4 2800,2
1787,4 2800,2
1787,4 2800,2
1787,4 2800,2
1785,5 2800,2
1785,5 2800,2
1785,0 2800,2
1785,0 2800,2
1785,0 2800,2
1785,0 2800,2
1785,0 2800,2
1785,0 2800,2
1785,0 2800,2
1785,0 2800,2
1784,7 2800,2
1784,7 2800,2
1784,7 2800,2
1784,7 2800,2
1784,5 2800,2
1784,5 2800,2
1784,5 2800,2
1794,8 2800,2
1794,6 2800,2
1794,6 2800,2
1794,3 2800,2
1794,3 2800,2
1794,3 2800,2
1793,8 2800,2
1793,6 2800,2
1792,3 2800,2
1792,3 2800,2
1792,3 2800,2
1792,3 2800,2
1792,1 2800,2
1792,1 2800,2
1791,4 2800,2
1790,6 2800,2
1790,6 2800,2
1790,6 2800,2
1790,4 2800,2
1790,4 2800,2
1790,4 2800,2
1789,9 2800,2
1789,9 2800,2
1789,9 2800,2
1789,9 2800,2
1789,9 2800,2
1788,7 2800,2
1788,7 2800,2
1788,7 2800,2
1788,7 2800,2
1788,7 2800,2
1788,7 2800,2
1788,4 2800,2
1786,9 2800,2
1786,9 2800,2
1786,2 2800,2
1785,5 2800,2
1785,2 2800,2
1785,2 2800,2
1785,2 2800,2
1794,6 2800,2
1794,1 2800,2
1793,9 2800,2
1793,4 2800,2
1792,9 2800,2
1792,4 2800,2
1741,0 2800,2
1730,7 2800,2
1727,5 2800,2
1693,3 2800,2
1690,9 2800,2
1781,1 2800,2
1780,2 2800,2
1779,5 2800,2
1779,0 2800,2
1768,5 2803,0
1768,3 2803,0
1767,8 2803,0
1767,0 2803,0
1766,5 2803,0
1766,5 2803,0
1776,5 2803,0
1774,5 2803,0
1774,5 2803,0
1804,9 2805,2
1804,9 2805,2
1804,7 2805,2
1813,2 2805,2
1812,2 2806,0
1812,2 2806,0
1821,9 2806,0
1820,5 2806,0
1820,5 2806,0
1820,5 2806,0
1819,5 2806,0
1819,5 2806,0
1819,5 2806,0
1818,8 2806,0
1818,8 2806,0
1813,6 2806,0
1785,8 2806,2
1785,8 2806,2
1785,3 2806,2
1784,6 2806,2
1784,6 2806,2
1783,9 2806,2
1782,4 2806,2
1782,4 2806,2
1782,4 2806,2
1781,7 2806,2
1781,7 2806,2
1781,7 2806,2
1781,4 2806,2
1781,2 2806,2
1780,7 2806,2
1780,2 2806,2
1779,9 2806,2
1779,7 2806,2
1779,2 2806,2
1779,0 2806,2
1779,0 2806,2
1779,0 2806,2
1779,0 2806,2
1778,7 2806,2
1778,7 2806,2
1778,7 2806,2
1778,7 2806,2
1778,5 2806,2
1778,5 2806,2
1778,0 2806,2
1777,0 2806,2
1777,0 2806,2
1777,0 2806,2
1776,5 2806,2
1776,5 2806,2
1776,5 2806,2
1776,0 2806,2
1776,0 2806,2
1776,0 2806,2
1775,3 2806,2
1775,3 2806,2
1775,3 2806,2
1774,3 2806,2
1774,3 2806,2
1773,5 2806,2
1773,3 2806,2
1773,3 2806,2
1773,3 2806,2
1773,1 2806,2
1773,1 2806,2
1772,8 2806,2
1771,8 2806,2
1771,3 2806,2
1771,3 2806,2
1771,3 2806,2
1771,3 2806,2
1771,3 2806,2
1780,6 2806,2
1780,3 2806,2
1780,3 2806,2
1780,3 2806,2
1780,1 2806,2
1778,9 2806,2
1788,2 2806,2
1787,5 2806,2
1787,2 2806,2
1787,2 2806,2
1786,5 2806,2
1786,2 2806,2
1786,0 2806,5
1785,8 2806,5
1785,0 2806,5
1784,3 2806,5
1783,8 2806,5
1783,8 2806,5
1783,5 2806,5
1782,8 2806,5
1782,8 2806,5
1807,7 2806,5
1807,4 2806,5
1807,2 2806,5
1807,2 2806,5
1806,2 2806,5
1805,5 2806,5
1783,3 2806,5
1782,3 2806,5
1781,1 2806,5
1780,6 2806,5
1779,9 2806,5
1779,9 2806,5
1779,6 2806,5
1779,1 2806,5
1778,9 2806,5
1806,9 2806,5
1806,6 2806,5
1806,4 2806,5
1806,4 2806,5
1805,9 2806,5
1804,7 2806,5
1804,7 2806,5
1803,9 2806,5
1803,2 2806,5
1811,5 2806,5
1811,2 2806,5
1811,0 2806,5
1810,0 2806,5
1809,2 2806,5
1809,0 2806,5
1809,0 2806,5
1808,3 2807,2
1808,3 2807,2
1808,3 2807,2
1808,0 2807,2
1807,3 2807,2
1807,3 2807,2
1807,0 2807,2
1806,8 2807,2
1806,8 2807,2
1806,5 2807,2
1806,3 2807,2
1806,3 2807,2
1806,3 2807,2
1806,3 2807,2
1806,3 2807,2
1806,3 2807,2
1806,3 2807,2
1806,3 2807,2
1806,0 2807,2
1804,8 2807,2
1804,1 2807,2
1803,6 2807,2
1803,6 2807,2
1802,6 2807,2
1811,1 2807,2
1810,6 2807,2
1810,6 2807,2
1810,6 2807,2
1810,1 2807,2
1810,1 2807,2
1810,1 2807,2
1810,1 2807,2
1810,1 2807,2
1810,1 2807,2
1810,1 2807,2
1809,9 2807,2
1809,9 2807,2
1809,9 2807,2
1809,9 2807,2
1809,9 2807,2
1809,9 2807,2
1809,9 2807,2
1809,9 2807,2
1809,9 2807,2
1809,9 2807,2
1809,6 2807,2
1809,4 2807,2
1809,4 2807,2
1809,4 2807,2
1809,4 2807,2
1809,4 2807,2
1809,4 2807,2
1809,4 2807,2
1809,4 2807,2
1809,1 2807,2
1808,7 2807,2
1807,9 2807,2
1807,9 2807,2
1807,7 2807,2
1807,2 2807,2
1806,9 2807,2
1806,9 2807,2
1806,7 2807,2
1806,4 2807,2
1806,4 2807,2
1815,9 2807,2
1815,9 2807,2
1815,9 2807,2
1815,4 2807,2
1814,9 2807,2
1814,9 2807,2
1814,5 2807,2
1814,5 2807,2
1814,5 2807,2
1814,5 2807,2
1814,5 2807,2
1814,5 2807,2
1814,0 2807,2
1813,7 2807,2
1813,7 2807,2
1813,5 2807,2
1813,5 2807,2
1813,5 2807,2
                                                                      